,ID,Flags,Mode,Runtime,Elapsed_Time
0,-O0,['-O0'],fast,0.215,0.215
1,-O2,['-O2'],fast,0.214,0.214
2,078758b6-c110-4a55-b59c-116e8db388ac,"['-O0' '-ffull-laziness' '-funfolding-creation-threshold=750'
 '-funbox-strict-fields' '-fcross-module-specialise'
 '-fsimplifier-phases=2' '-fdicts-strict' '-fenable-rewrite-rules'
 '-fno-opt-coercion' '-fno-pre-inlining' '-fliberate-case'
 '-fmax-inline-memset-insns=32' '-fdo-lambda-eta-expansion'
 '-funfolding-creation-threshold=750' '-fmax-worker-args=10' '-fcse'
 '-fmax-inline-memset-insns=32' '-fmax-inline-memset-insns=32'
 '-funbox-small-strict-fields']",fast,0.211,0.211
3,c80a7cd9-5eee-4119-8326-00641653ea0f,"['-O0' '-funbox-small-strict-fields' '-fspec-constr-threshold=2000'
 '-fcmm-elim-common-blocks' '-fexpose-all-unfoldings'
 '-fmax-worker-args=10' '-fmax-relevant-binds=6' '-fliberate-case'
 '-fstrictness-before=1' '-fcpr-anal' '-fcse' '-fexcess-precision'
 '-fliberate-case-threshold=2000' '-fmax-inline-memcpy-insns=32'
 '-funbox-small-strict-fields' '-fdo-lambda-eta-expansion'
 '-fcmm-elim-common-blocks' '-fdo-lambda-eta-expansion' '-floopification']",fast,0.213,0.213
4,c8c858ab-95d5-4748-96cb-d00f5cf9fb4e,"['-O0' '-flate-dmd-anal' '-fmax-inline-memset-insns=32' '-fdicts-cheap'
 '-fexcess-precision' '-fcross-module-specialise' '-fcse' '-fdicts-cheap'
 '-fcase-merge' '-fstrictness' '-fomit-interface-pragmas'
 '-fignore-asserts' '-fno-pre-inlining' '-foptimal-applicative-do'
 '-floopification' '-fignore-interface-pragmas' '-fregs-iterative'
 '-funfolding-fun-discount=60' '-fcmm-elim-common-blocks']",fast,0.211,0.211
5,26e1510d-46bb-4b5f-ba65-2b8a5b2caa6d,"['-O0' '-funfolding-keeness-factor=1.5' '-fliberate-case'
 '-ffull-laziness' '-ffun-to-thunk' '-fcross-module-specialise'
 '-fmax-simplifier-iterations=4' '-fsimpl-tick-factor=100'
 '-ffun-to-thunk' '-fcmm-sink' '-fworker-wrapper' '-fpedantic-bottoms'
 '-fignore-interface-pragmas' '-fexcess-precision' '-fspec-constr'
 '-fworker-wrapper' '-fvectorise' '-fpedantic-bottoms' '-ffloat-in']",fast,0.211,0.211
6,b50bf2e1-0729-46c9-9ac1-3aa41aec4de9,"['-O0' '-fenable-rewrite-rules' '-funfolding-dict-discount=30'
 '-fworker-wrapper' '-fcse' '-fpedantic-bottoms' '-funbox-strict-fields'
 '-funfolding-fun-discount=60' '-fcse' '-fregs-iterative' '-fregs-graph'
 '-fcross-module-specialise' '-fmax-relevant-binds=6'
 '-funfolding-dict-discount=30' '-fcase-merge' '-fcall-arity'
 '-fignore-asserts' '-fliberate-case-threshold=2000' '-fregs-iterative']",fast,0.213,0.213
7,3d61d57f-4a27-4931-976d-a97f25d251d3,"['-O0' '-funfolding-creation-threshold=750' '-fliberate-case'
 '-fspec-constr' '-funbox-small-strict-fields' '-funbox-strict-fields'
 '-ffloat-in' '-fno-opt-coercion' '-fmax-relevant-binds=6'
 '-fno-state-hack' '-fignore-interface-pragmas' '-feager-blackholing'
 '-fno-state-hack' '-fstrictness-before=1' '-fmax-inline-memset-insns=32'
 '-ffull-laziness' '-fworker-wrapper' '-fstrictness-before=1'
 '-fspec-constr-threshold=2000']",fast,0.212,0.212
8,29f8b08b-0b10-4ed3-b5f9-e84f5e525e9c,"['-O0' '-fmax-simplifier-iterations=4' '-fworker-wrapper' '-fcase-merge'
 '-fcall-arity' '-fregs-graph' '-fpedantic-bottoms'
 '-fmax-inline-memcpy-insns=32' '-fmax-simplifier-iterations=4'
 '-fdo-eta-reduction' '-fmax-relevant-binds=6'
 '-funfolding-dict-discount=30' '-fomit-yields' '-fcmm-elim-common-blocks'
 '-feager-blackholing' '-ffull-laziness' '-fsimpl-tick-factor=100'
 '-fenable-rewrite-rules' '-fstrictness']",fast,0.213,0.213
9,c8ecd581-dd63-42e6-b167-129003ce1051,"['-O0' '-fvectorisation-avoidance' '-ffun-to-thunk'
 '-fspec-constr-count=3' '-fcse' '-fdo-eta-reduction' '-fcse'
 '-fexcess-precision' '-fomit-interface-pragmas'
 '-funfolding-fun-discount=60' '-fcpr-anal' '-fstrictness'
 '-feager-blackholing' '-fdo-lambda-eta-expansion' '-fcase-merge'
 '-fno-state-hack' '-fpedantic-bottoms' '-fdo-eta-reduction'
 '-fno-state-hack']",fast,0.214,0.214
10,558f682e-e89b-4f0e-bb9b-f493511f1500,"['-O0' '-fdmd-tx-dict-sel' '-fmax-inline-memset-insns=32'
 '-funfolding-use-threshold=60' '-fdicts-cheap' '-ffull-laziness'
 '-fdicts-cheap' '-floopification' '-fworker-wrapper' '-fdo-eta-reduction'
 '-fexcess-precision' '-fpedantic-bottoms' '-fregs-graph'
 '-fcmm-elim-common-blocks' '-fdo-eta-reduction' '-fdo-eta-reduction'
 '-fmax-relevant-binds=6' '-fno-pre-inlining' '-fstrictness-before=1']",fast,0.212,0.212
11,eb651bc0-51fb-499d-b0fc-1c4fba8db07d,"['-O0' '-fregs-iterative' '-funfolding-dict-discount=30' '-fcall-arity'
 '-fpedantic-bottoms' '-fstrictness' '-fpedantic-bottoms'
 '-foptimal-applicative-do' '-fmax-worker-args=10'
 '-fspec-constr-threshold=2000' '-flate-dmd-anal' '-fno-opt-coercion'
 '-ffull-laziness' '-funbox-small-strict-fields'
 '-funbox-small-strict-fields' '-fmax-simplifier-iterations=4'
 '-fregs-iterative' '-fmax-inline-alloc-size=128'
 '-funfolding-dict-discount=30']",fast,0.213,0.213
12,53ded728-6ed1-4a79-bc9d-ce5750aadf63,"['-O0' '-fcse' '-fcross-module-specialise' '-fno-state-hack' '-ffloat-in'
 '-fmax-inline-memset-insns=32' '-fomit-interface-pragmas'
 '-fexpose-all-unfoldings' '-fpedantic-bottoms' '-fno-pre-inlining'
 '-fmax-inline-memcpy-insns=32' '-fstrictness'
 '-funfolding-keeness-factor=1.5' '-fspec-constr-count=3'
 '-fmax-inline-memset-insns=32' '-fdicts-cheap' '-fexpose-all-unfoldings'
 '-fspec-constr-threshold=2000' '-funfolding-use-threshold=60']",fast,0.211,0.211
13,ac100066-1ae4-44c6-944f-815525d37fe7,"['-O0' '-funfolding-fun-discount=60' '-funfolding-dict-discount=30'
 '-fstatic-argument-transformation' '-fcse'
 '-fliberate-case-threshold=2000' '-fcall-arity' '-fliberate-case'
 '-fignore-asserts' '-ffloat-in' '-funbox-strict-fields' '-fcall-arity'
 '-fmax-inline-alloc-size=128' '-funbox-small-strict-fields'
 '-fspec-constr-count=3' '-fenable-rewrite-rules' '-fexcess-precision'
 '-fstrictness' '-fpedantic-bottoms']",fast,0.212,0.212
14,fcf9f9f8-2b18-4d80-b3ff-2ce6ac5c6da2,"['-O0' '-fdmd-tx-dict-sel' '-fstrictness-before=1' '-fdo-eta-reduction'
 '-funbox-small-strict-fields' '-funfolding-fun-discount=60'
 '-funfolding-fun-discount=60' '-funbox-strict-fields' '-fno-state-hack'
 '-funfolding-use-threshold=60' '-fmax-simplifier-iterations=4'
 '-fmax-worker-args=10' '-fexcess-precision' '-fdo-lambda-eta-expansion'
 '-fcmm-elim-common-blocks' '-funfolding-creation-threshold=750'
 '-fno-pre-inlining' '-funbox-small-strict-fields' '-fspec-constr-count=3']",fast,0.211,0.211
15,b6c1890f-aec5-4524-b628-bfe587733b6c,"['-O0' '-fdicts-cheap' '-fenable-rewrite-rules' '-fmax-worker-args=10'
 '-fstrictness-before=1' '-fdo-eta-reduction' '-fignore-asserts'
 '-fcmm-sink' '-fstatic-argument-transformation'
 '-funfolding-fun-discount=60' '-funfolding-fun-discount=60'
 '-fdo-lambda-eta-expansion' '-fsimpl-tick-factor=100' '-fomit-yields'
 '-fspec-constr-threshold=2000' '-fno-state-hack' '-fspecialise'
 '-fvectorisation-avoidance' '-fspec-constr-count=3']",fast,0.212,0.212
16,1db10265-cf66-4bd8-9801-bb3289597375,"['-O0' '-fexpose-all-unfoldings' '-fignore-interface-pragmas'
 '-fcall-arity' '-fmax-inline-memset-insns=32'
 '-funfolding-keeness-factor=1.5' '-fignore-interface-pragmas'
 '-fomit-interface-pragmas' '-fmax-worker-args=10'
 '-fmax-simplifier-iterations=4' '-ffun-to-thunk'
 '-funfolding-creation-threshold=750' '-funfolding-dict-discount=30'
 '-fvectorisation-avoidance' '-fmax-worker-args=10'
 '-fcmm-elim-common-blocks' '-fworker-wrapper' '-fcmm-sink'
 '-fno-opt-coercion']",fast,0.212,0.212
17,1f363343-4f5c-4ee4-a9a9-e492eecc4a63,"['-O0' '-fenable-rewrite-rules' '-fmax-inline-alloc-size=128'
 '-feager-blackholing' '-fno-pre-inlining' '-fvectorisation-avoidance'
 '-fvectorise' '-funfolding-fun-discount=60' '-fdicts-cheap'
 '-fsimpl-tick-factor=100' '-fignore-interface-pragmas' '-fworker-wrapper'
 '-funfolding-fun-discount=60' '-fmax-worker-args=10' '-fliberate-case'
 '-funbox-strict-fields' '-fcse' '-fliberate-case-threshold=2000'
 '-ffloat-in']",fast,0.212,0.212
18,22acabae-288f-4a15-867e-99c709dda3c5,"['-O0' '-funfolding-fun-discount=60' '-fcross-module-specialise'
 '-fcase-merge' '-fmax-inline-alloc-size=128' '-fsimpl-tick-factor=100'
 '-fdicts-strict' '-fregs-iterative' '-fno-pre-inlining'
 '-funfolding-creation-threshold=750' '-ffull-laziness'
 '-fsimplifier-phases=2' '-fcross-module-specialise' '-ffun-to-thunk'
 '-funfolding-dict-discount=30' '-fpedantic-bottoms'
 '-fomit-interface-pragmas' '-ffloat-in' '-fcase-merge']",fast,0.21,0.21
19,d8b36220-e467-4796-a5d5-4060a58b14a8,"['-O0' '-funbox-strict-fields' '-fvectorisation-avoidance' '-fregs-graph'
 '-fvectorise' '-fenable-rewrite-rules' '-fignore-asserts'
 '-funbox-small-strict-fields' '-fvectorise' '-ffun-to-thunk'
 '-foptimal-applicative-do' '-fpedantic-bottoms' '-fspecialise'
 '-fvectorise' '-fmax-worker-args=10' '-fcpr-anal' '-fcpr-anal'
 '-fenable-rewrite-rules' '-fpedantic-bottoms']",fast,0.212,0.212
20,a9929424-dda6-4489-aa56-b2d0507f0bde,"['-O0' '-funfolding-creation-threshold=750' '-fcse' '-flate-dmd-anal'
 '-fomit-interface-pragmas' '-foptimal-applicative-do'
 '-fpedantic-bottoms' '-fno-state-hack' '-fliberate-case-threshold=2000'
 '-fno-opt-coercion' '-funbox-strict-fields' '-fstrictness'
 '-fstatic-argument-transformation' '-feager-blackholing' '-ffloat-in'
 '-ffun-to-thunk' '-fmax-inline-alloc-size=128' '-fenable-rewrite-rules'
 '-ffloat-in']",fast,0.212,0.212
21,4f6dac34-181e-4060-952d-797e3f00917f,"['-O0' '-funbox-strict-fields' '-fignore-interface-pragmas'
 '-fstatic-argument-transformation' '-fdicts-strict'
 '-fspec-constr-threshold=2000' '-fworker-wrapper'
 '-funbox-small-strict-fields' '-funfolding-fun-discount=60'
 '-fdicts-cheap' '-fsimpl-tick-factor=100' '-foptimal-applicative-do'
 '-fstrictness-before=1' '-fmax-worker-args=10' '-flate-dmd-anal'
 '-fspec-constr' '-fdo-lambda-eta-expansion' '-funfolding-fun-discount=60'
 '-fspec-constr-threshold=2000']",fast,0.213,0.213
22,b4a2d5cf-d103-4ccf-8b50-9bbf54478716,"['-O0' '-fliberate-case' '-fworker-wrapper' '-fstrictness'
 '-fspec-constr-count=3' '-fignore-interface-pragmas'
 '-fstrictness-before=1' '-fcall-arity' '-ffun-to-thunk'
 '-fignore-interface-pragmas' '-funfolding-keeness-factor=1.5'
 '-fsimpl-tick-factor=100' '-fcross-module-specialise' '-fdmd-tx-dict-sel'
 '-floopification' '-funfolding-creation-threshold=750'
 '-feager-blackholing' '-floopification' '-fdmd-tx-dict-sel']",fast,0.215,0.215
23,6a7e4fb9-f6c2-4c26-ae01-af8bbabaaa28,"['-O0' '-fexcess-precision' '-fcross-module-specialise'
 '-fpedantic-bottoms' '-ffull-laziness' '-ffun-to-thunk'
 '-fregs-iterative' '-fworker-wrapper' '-feager-blackholing'
 '-fno-state-hack' '-fcross-module-specialise' '-fmax-worker-args=10'
 '-fvectorisation-avoidance' '-fexcess-precision'
 '-funfolding-creation-threshold=750' '-fcmm-sink' '-fignore-asserts'
 '-fno-pre-inlining' '-fenable-rewrite-rules']",fast,0.212,0.212
24,7dff35da-09ba-45b3-a1c8-76b643402949,"['-O0' '-funbox-strict-fields' '-fno-opt-coercion' '-ffull-laziness'
 '-fmax-inline-alloc-size=128' '-fcall-arity' '-fomit-yields'
 '-fspec-constr-count=3' '-fspec-constr-threshold=2000'
 '-fvectorisation-avoidance' '-funfolding-keeness-factor=1.5'
 '-foptimal-applicative-do' '-foptimal-applicative-do' '-floopification'
 '-fliberate-case' '-flate-dmd-anal' '-ffloat-in'
 '-funfolding-dict-discount=30' '-fignore-asserts']",fast,0.211,0.211
25,be1fccda-6110-4993-8da8-5f8276167725,"['-O0' '-fstrictness' '-fliberate-case' '-fspec-constr-count=3'
 '-fcase-merge' '-fvectorise' '-funbox-small-strict-fields'
 '-fignore-interface-pragmas' '-fexcess-precision'
 '-fexpose-all-unfoldings' '-fdmd-tx-dict-sel' '-ffull-laziness'
 '-fstatic-argument-transformation' '-fno-state-hack' '-flate-dmd-anal'
 '-fdicts-cheap' '-fmax-simplifier-iterations=4'
 '-fmax-inline-alloc-size=128' '-fliberate-case-threshold=2000']",fast,0.211,0.211
26,9d617b4f-9d13-4cf1-aee8-afd059f91c8d,"['-O0' '-fcmm-elim-common-blocks' '-floopification'
 '-fstrictness-before=1' '-fomit-yields' '-fcmm-sink'
 '-fenable-rewrite-rules' '-fsimplifier-phases=2' '-funbox-strict-fields'
 '-fmax-inline-alloc-size=128' '-fliberate-case' '-fdicts-cheap'
 '-fcpr-anal' '-fcse' '-fvectorise' '-funfolding-keeness-factor=1.5'
 '-fspec-constr-threshold=2000' '-ffull-laziness' '-fcase-merge']",fast,0.212,0.212
27,a88b1c07-73cc-4993-ab81-5f67f857dbc9,"['-O0' '-ffloat-in' '-fcross-module-specialise' '-ffloat-in'
 '-fregs-graph' '-fcmm-sink' '-fsimplifier-phases=2' '-fno-opt-coercion'
 '-fcpr-anal' '-fsimplifier-phases=2' '-fdicts-cheap'
 '-fsimpl-tick-factor=100' '-fworker-wrapper' '-ffull-laziness'
 '-ffun-to-thunk' '-fomit-interface-pragmas' '-fdmd-tx-dict-sel'
 '-fdo-lambda-eta-expansion' '-fignore-asserts']",fast,0.212,0.212
28,4059f861-15a2-49bb-9938-e845c423254d,"['-O0' '-floopification' '-fspec-constr-count=3' '-fspec-constr-count=3'
 '-fsimpl-tick-factor=100' '-fdicts-cheap' '-funbox-small-strict-fields'
 '-foptimal-applicative-do' '-fno-state-hack' '-fregs-iterative'
 '-funbox-strict-fields' '-fignore-interface-pragmas'
 '-funfolding-use-threshold=60' '-funfolding-fun-discount=60'
 '-fdmd-tx-dict-sel' '-fmax-inline-memcpy-insns=32'
 '-fsimplifier-phases=2' '-fno-state-hack' '-fexpose-all-unfoldings']",fast,0.214,0.214
29,4b63f0bb-ae81-40ab-8641-1e5060d91f89,"['-O0' '-fstrictness' '-fcall-arity' '-fsimpl-tick-factor=100'
 '-fmax-simplifier-iterations=4' '-fexpose-all-unfoldings'
 '-fexcess-precision' '-ffull-laziness' '-fexpose-all-unfoldings'
 '-fno-opt-coercion' '-funfolding-use-threshold=60' '-fcall-arity'
 '-ffull-laziness' '-fstrictness-before=1' '-ffull-laziness'
 '-fstrictness' '-fvectorise' '-fspec-constr-count=3' '-fdicts-strict']",fast,0.215,0.215
30,b37aa891-3b92-43fb-b815-bb627255eb5a,"['-O0' '-fspec-constr' '-fvectorise' '-fmax-relevant-binds=6'
 '-fcross-module-specialise' '-funfolding-fun-discount=60'
 '-fliberate-case' '-fenable-rewrite-rules'
 '-fliberate-case-threshold=2000' '-fworker-wrapper' '-fspecialise'
 '-fmax-worker-args=10' '-fsimpl-tick-factor=100'
 '-funfolding-fun-discount=60' '-funfolding-use-threshold=60'
 '-fdmd-tx-dict-sel' '-fdicts-cheap' '-ffull-laziness' '-ffloat-in']",fast,0.214,0.214
31,a5d66c19-112e-471b-a3ed-5bc35babdf0d,"['-O0' '-funbox-strict-fields' '-fliberate-case-threshold=2000'
 '-fomit-yields' '-funbox-strict-fields' '-fvectorisation-avoidance'
 '-fno-state-hack' '-fregs-graph' '-fsimpl-tick-factor=100'
 '-fno-opt-coercion' '-fignore-asserts' '-fcse'
 '-funfolding-keeness-factor=1.5' '-ffloat-in' '-fcmm-elim-common-blocks'
 '-funfolding-dict-discount=30' '-funfolding-keeness-factor=1.5'
 '-feager-blackholing' '-fdo-eta-reduction']",fast,0.213,0.213
32,25b14b94-fe81-48ad-8356-444b69f8b177,"['-O0' '-fworker-wrapper' '-floopification' '-fmax-inline-alloc-size=128'
 '-fspec-constr' '-fomit-interface-pragmas' '-funfolding-fun-discount=60'
 '-fcase-merge' '-fregs-graph' '-fmax-worker-args=10'
 '-funfolding-creation-threshold=750' '-fignore-interface-pragmas'
 '-ffull-laziness' '-floopification' '-fsimplifier-phases=2'
 '-foptimal-applicative-do' '-fmax-worker-args=10'
 '-fcmm-elim-common-blocks' '-fvectorisation-avoidance']",fast,0.213,0.213
33,e414af87-ec5a-4a9b-a648-dbce0eb893f9,"['-O0' '-fdmd-tx-dict-sel' '-fdo-eta-reduction' '-fno-state-hack'
 '-fignore-asserts' '-fexcess-precision'
 '-funfolding-creation-threshold=750' '-fsimplifier-phases=2'
 '-funfolding-dict-discount=30' '-ffloat-in' '-fdo-eta-reduction'
 '-fspec-constr-count=3' '-fmax-inline-alloc-size=128'
 '-funfolding-use-threshold=60' '-fignore-asserts'
 '-funfolding-fun-discount=60' '-fregs-iterative'
 '-fvectorisation-avoidance' '-fexcess-precision']",fast,0.211,0.211
34,72561153-6eb8-41ab-b779-b4e8aaad815a,"['-O0' '-fregs-iterative' '-fmax-relevant-binds=6'
 '-funfolding-fun-discount=60' '-fdo-lambda-eta-expansion' '-fspecialise'
 '-fexcess-precision' '-fcse' '-fomit-yields' '-floopification'
 '-fvectorise' '-fregs-graph' '-ffull-laziness' '-fexcess-precision'
 '-fvectorisation-avoidance' '-fno-opt-coercion' '-fmax-relevant-binds=6'
 '-fstatic-argument-transformation' '-fmax-simplifier-iterations=4']",fast,0.211,0.211
35,04177dca-7821-4385-bfab-890dc181a789,"['-O0' '-fexcess-precision' '-ffull-laziness' '-fdmd-tx-dict-sel'
 '-fignore-interface-pragmas' '-flate-dmd-anal' '-fdmd-tx-dict-sel'
 '-fvectorise' '-funfolding-use-threshold=60' '-fpedantic-bottoms' '-fcse'
 '-fstrictness-before=1' '-fcpr-anal' '-funfolding-creation-threshold=750'
 '-fregs-iterative' '-fstatic-argument-transformation'
 '-feager-blackholing' '-funfolding-keeness-factor=1.5' '-fvectorise']",fast,0.213,0.213
36,08ccf890-ecee-4f94-809d-b9498ecc9488,"['-O0' '-fsimpl-tick-factor=100' '-fstrictness-before=1'
 '-fexcess-precision' '-fexcess-precision' '-funfolding-use-threshold=60'
 '-fmax-inline-memcpy-insns=32' '-fcpr-anal' '-fdicts-strict'
 '-fsimplifier-phases=2' '-foptimal-applicative-do'
 '-fstrictness-before=1' '-flate-dmd-anal' '-fmax-simplifier-iterations=4'
 '-fliberate-case-threshold=2000' '-funfolding-fun-discount=60'
 '-fstrictness-before=1' '-fno-opt-coercion' '-fstrictness']",fast,0.213,0.213
37,5a6c44ed-cd4a-488d-a862-7a8865ef8cf7,"['-O0' '-ffloat-in' '-fsimpl-tick-factor=100' '-fcross-module-specialise'
 '-funbox-small-strict-fields' '-fno-pre-inlining'
 '-fspec-constr-threshold=2000' '-funfolding-creation-threshold=750'
 '-fcall-arity' '-fcse' '-fspec-constr-count=3' '-feager-blackholing'
 '-fcpr-anal' '-fsimplifier-phases=2' '-fstrictness' '-fomit-yields'
 '-fspecialise' '-fspecialise' '-foptimal-applicative-do']",fast,0.211,0.211
38,10d51cdb-c211-45d8-8527-4a5096e0e406,"['-O0' '-fmax-inline-memcpy-insns=32' '-flate-dmd-anal'
 '-foptimal-applicative-do' '-fcmm-elim-common-blocks' '-fno-pre-inlining'
 '-fcpr-anal' '-fspec-constr-threshold=2000' '-fcross-module-specialise'
 '-ffun-to-thunk' '-fdicts-cheap' '-funbox-strict-fields'
 '-fignore-asserts' '-fsimpl-tick-factor=100' '-fstrictness-before=1'
 '-fvectorise' '-fliberate-case-threshold=2000'
 '-fmax-simplifier-iterations=4' '-fmax-inline-memcpy-insns=32']",fast,0.213,0.213
39,af52fc73-b4b3-4a83-8978-e4813b139927,"['-O0' '-fdicts-cheap' '-fstrictness' '-fcmm-sink'
 '-funbox-small-strict-fields' '-fliberate-case'
 '-funfolding-keeness-factor=1.5' '-funfolding-keeness-factor=1.5'
 '-fstrictness' '-funfolding-fun-discount=60' '-fsimpl-tick-factor=100'
 '-fspec-constr-threshold=2000' '-fspec-constr-count=3' '-fregs-iterative'
 '-fmax-worker-args=10' '-fmax-simplifier-iterations=4'
 '-foptimal-applicative-do' '-ffun-to-thunk' '-funfolding-fun-discount=60']",fast,0.211,0.211
40,784b1533-0f33-4eb3-b57b-b5884dd5dd8f,"['-O0' '-fignore-interface-pragmas' '-fcse' '-funfolding-fun-discount=60'
 '-funfolding-creation-threshold=750' '-ffloat-in' '-fno-opt-coercion'
 '-flate-dmd-anal' '-fcse' '-fdicts-strict' '-fignore-asserts'
 '-fregs-iterative' '-fdo-lambda-eta-expansion' '-fdmd-tx-dict-sel'
 '-fvectorisation-avoidance' '-fomit-interface-pragmas'
 '-fpedantic-bottoms' '-feager-blackholing' '-floopification']",fast,0.211,0.211
41,83c8e19c-60a1-442e-870d-7c547b17ee87,"['-O0' '-fstrictness' '-fmax-worker-args=10'
 '-fmax-inline-memset-insns=32' '-fenable-rewrite-rules'
 '-fcross-module-specialise' '-fcpr-anal' '-funbox-strict-fields' '-fcse'
 '-fdicts-cheap' '-fpedantic-bottoms' '-fmax-inline-memset-insns=32'
 '-fpedantic-bottoms' '-fsimpl-tick-factor=100' '-fignore-asserts'
 '-funbox-strict-fields' '-funfolding-creation-threshold=750'
 '-funfolding-use-threshold=60' '-funfolding-use-threshold=60']",fast,0.211,0.211
42,d05c624c-2800-465f-a095-1b6bbddab9f6,"['-O0' '-fmax-inline-memset-insns=32' '-fsimplifier-phases=2'
 '-fmax-inline-memset-insns=32' '-fspec-constr'
 '-funfolding-dict-discount=30' '-fvectorisation-avoidance'
 '-fpedantic-bottoms' '-fignore-asserts' '-fcase-merge'
 '-fmax-inline-memset-insns=32' '-fpedantic-bottoms'
 '-fliberate-case-threshold=2000' '-fcse' '-fcross-module-specialise'
 '-funfolding-fun-discount=60' '-ffloat-in' '-fcross-module-specialise'
 '-fmax-inline-alloc-size=128']",fast,0.211,0.211
43,632c7eb8-edb9-497b-857a-009d09c1833a,"['-O0' '-fstrictness-before=1' '-funfolding-use-threshold=60'
 '-fcase-merge' '-fdo-lambda-eta-expansion' '-fdmd-tx-dict-sel'
 '-fvectorise' '-fspecialise' '-fno-pre-inlining' '-fcse' '-fspec-constr'
 '-funfolding-dict-discount=30' '-fcall-arity' '-ffull-laziness'
 '-fignore-asserts' '-ffull-laziness' '-flate-dmd-anal'
 '-funbox-small-strict-fields' '-fdmd-tx-dict-sel']",fast,0.211,0.211
44,2d85b41a-129a-4a33-ba44-d0b394025ff4,"['-O0' '-fstatic-argument-transformation' '-fsimplifier-phases=2'
 '-fdicts-cheap' '-fvectorise' '-fsimpl-tick-factor=100' '-fregs-graph'
 '-fmax-simplifier-iterations=4' '-fcmm-elim-common-blocks'
 '-fexcess-precision' '-fcall-arity' '-fmax-inline-alloc-size=128'
 '-fspecialise' '-fdo-lambda-eta-expansion' '-fignore-asserts'
 '-flate-dmd-anal' '-fcse' '-fexcess-precision' '-fcpr-anal']",fast,0.211,0.211
45,71a10c33-1f38-4cd0-a3cf-7b292b774010,"['-O0' '-fspec-constr-count=3' '-fno-state-hack' '-ffun-to-thunk'
 '-fmax-inline-alloc-size=128' '-fstrictness' '-fpedantic-bottoms'
 '-fdicts-strict' '-floopification' '-fdmd-tx-dict-sel' '-fworker-wrapper'
 '-fstrictness-before=1' '-fregs-iterative' '-ffun-to-thunk'
 '-fignore-interface-pragmas' '-fno-pre-inlining' '-funbox-strict-fields'
 '-fmax-inline-memset-insns=32' '-fstrictness']",fast,0.211,0.211
46,8bf400c7-2e0b-4473-803f-9e5bf2f4c076,"['-O0' '-funfolding-fun-discount=60' '-fsimpl-tick-factor=100'
 '-fregs-graph' '-ffloat-in' '-fomit-yields' '-fmax-inline-alloc-size=128'
 '-fenable-rewrite-rules' '-fomit-interface-pragmas' '-fspecialise'
 '-fmax-worker-args=10' '-fdicts-cheap' '-fmax-simplifier-iterations=4'
 '-funfolding-keeness-factor=1.5' '-fstrictness-before=1'
 '-funfolding-creation-threshold=750' '-fmax-inline-memcpy-insns=32'
 '-fspec-constr' '-fmax-simplifier-iterations=4']",fast,0.214,0.214
47,1a2472e7-cee0-484f-bba6-5a910bd9e697,"['-O0' '-fvectorise' '-fdicts-strict' '-fdicts-strict' '-fworker-wrapper'
 '-funfolding-dict-discount=30' '-funbox-small-strict-fields'
 '-fomit-yields' '-funfolding-dict-discount=30'
 '-fvectorisation-avoidance' '-floopification' '-flate-dmd-anal'
 '-fregs-graph' '-fmax-relevant-binds=6' '-foptimal-applicative-do'
 '-floopification' '-fspec-constr-count=3' '-fdicts-strict'
 '-funbox-strict-fields']",fast,0.215,0.215
48,4ce3347c-4599-4f45-be42-22dc84d17530,"['-O0' '-fexpose-all-unfoldings' '-fworker-wrapper'
 '-fliberate-case-threshold=2000' '-fregs-graph' '-fmax-worker-args=10'
 '-fregs-graph' '-fcpr-anal' '-fdmd-tx-dict-sel'
 '-fmax-inline-memcpy-insns=32' '-fspec-constr-count=3'
 '-fexpose-all-unfoldings' '-fvectorisation-avoidance'
 '-fmax-inline-memset-insns=32' '-fmax-simplifier-iterations=4'
 '-funbox-small-strict-fields' '-fcpr-anal' '-fstrictness'
 '-fworker-wrapper']",fast,0.216,0.216
49,eedbd7b4-597d-491c-bae4-94ce81208173,"['-O0' '-fcse' '-flate-dmd-anal' '-funbox-small-strict-fields'
 '-fomit-yields' '-fmax-relevant-binds=6' '-fdmd-tx-dict-sel'
 '-fignore-interface-pragmas' '-fstrictness-before=1' '-fstrictness'
 '-fexpose-all-unfoldings' '-ffun-to-thunk' '-foptimal-applicative-do'
 '-fpedantic-bottoms' '-fcross-module-specialise' '-funbox-strict-fields'
 '-fmax-inline-memset-insns=32' '-fdmd-tx-dict-sel'
 '-fenable-rewrite-rules']",fast,0.215,0.215
50,facaa690-2c82-48c0-8d88-a5773f2b2295,"['-O0' '-fcase-merge' '-fomit-yields' '-fsimplifier-phases=2'
 '-fexpose-all-unfoldings' '-fomit-interface-pragmas'
 '-fomit-interface-pragmas' '-fcmm-elim-common-blocks' '-fno-state-hack'
 '-fspec-constr-count=3' '-fstrictness-before=1' '-fdicts-cheap'
 '-funbox-strict-fields' '-fcross-module-specialise'
 '-fmax-inline-memcpy-insns=32' '-fmax-inline-memset-insns=32'
 '-fcpr-anal' '-foptimal-applicative-do' '-fexpose-all-unfoldings']",fast,0.213,0.213
51,d7ac5ba7-7c42-4c74-8d4a-3cae4b0526df,"['-O0' '-fmax-inline-memcpy-insns=32' '-funfolding-use-threshold=60'
 '-feager-blackholing' '-fcase-merge' '-fliberate-case' '-fcse'
 '-fdmd-tx-dict-sel' '-fomit-yields' '-fworker-wrapper'
 '-fmax-inline-memset-insns=32' '-fcross-module-specialise'
 '-funbox-strict-fields' '-fcase-merge' '-fcpr-anal'
 '-fspec-constr-threshold=2000' '-fregs-iterative' '-fvectorise'
 '-ffloat-in']",fast,0.213,0.213
52,7d46c74e-02e1-4ec3-b94f-c73d7eeb7f58,"['-O0' '-fignore-asserts' '-fexpose-all-unfoldings' '-fcmm-sink'
 '-fdmd-tx-dict-sel' '-fcmm-sink' '-fignore-asserts' '-fliberate-case'
 '-funfolding-keeness-factor=1.5' '-fcase-merge'
 '-funfolding-keeness-factor=1.5' '-flate-dmd-anal'
 '-fstatic-argument-transformation' '-fignore-asserts'
 '-fmax-inline-memcpy-insns=32' '-fdicts-cheap' '-fmax-worker-args=10'
 '-fspec-constr-count=3' '-fmax-inline-memcpy-insns=32']",fast,0.212,0.212
53,bd1d8245-53e4-4fff-827c-0ea8101b87c4,"['-O0' '-fdo-eta-reduction' '-fexpose-all-unfoldings' '-fregs-iterative'
 '-fno-opt-coercion' '-fregs-graph' '-fmax-inline-memset-insns=32'
 '-fstrictness-before=1' '-fmax-simplifier-iterations=4'
 '-fmax-relevant-binds=6' '-fmax-worker-args=10' '-fregs-iterative'
 '-funfolding-fun-discount=60' '-fstrictness-before=1' '-fcse'
 '-fdo-eta-reduction' '-fignore-asserts' '-fcmm-sink'
 '-fmax-relevant-binds=6']",fast,0.212,0.212
54,ad07171e-067b-46c2-9590-bf657481867a,"['-O0' '-foptimal-applicative-do' '-fdmd-tx-dict-sel'
 '-fspec-constr-count=3' '-fcmm-sink' '-fmax-relevant-binds=6'
 '-flate-dmd-anal' '-fliberate-case' '-fsimplifier-phases=2'
 '-fcase-merge' '-fsimplifier-phases=2' '-fcpr-anal'
 '-funfolding-use-threshold=60' '-fpedantic-bottoms'
 '-funfolding-dict-discount=30' '-fmax-inline-memset-insns=32'
 '-ffull-laziness' '-funfolding-fun-discount=60' '-fcase-merge']",fast,0.212,0.212
55,173f5beb-6089-4686-82cc-bf309b9722fe,"['-O0' '-fregs-graph' '-fmax-inline-memset-insns=32' '-fno-opt-coercion'
 '-fmax-simplifier-iterations=4' '-fmax-inline-alloc-size=128'
 '-fstrictness-before=1' '-fspec-constr-threshold=2000' '-fspecialise'
 '-fno-pre-inlining' '-fvectorisation-avoidance' '-funbox-strict-fields'
 '-fmax-simplifier-iterations=4' '-fexpose-all-unfoldings' '-fcpr-anal'
 '-fdicts-cheap' '-fno-state-hack' '-fspec-constr' '-ffull-laziness']",fast,0.213,0.213
56,74e6d3ea-6bd0-4079-8bdf-66ee6081829a,"['-O0' '-fexpose-all-unfoldings' '-fmax-inline-memcpy-insns=32'
 '-ffull-laziness' '-fdo-eta-reduction' '-fvectorise' '-fspecialise'
 '-ffloat-in' '-fregs-graph' '-funfolding-dict-discount=30' '-fspecialise'
 '-fdmd-tx-dict-sel' '-funbox-small-strict-fields' '-fcmm-sink'
 '-fno-state-hack' '-fliberate-case-threshold=2000'
 '-funfolding-fun-discount=60' '-fmax-inline-memcpy-insns=32'
 '-fignore-interface-pragmas']",fast,0.213,0.213
57,6b01b1d5-8f23-4632-a21f-a2c7426a5aa8,"['-O0' '-funfolding-dict-discount=30' '-fspecialise' '-fexcess-precision'
 '-fexpose-all-unfoldings' '-fspecialise' '-fregs-iterative'
 '-fspec-constr-threshold=2000' '-fmax-inline-alloc-size=128'
 '-fsimpl-tick-factor=100' '-fcall-arity' '-fvectorisation-avoidance'
 '-fignore-interface-pragmas' '-fcpr-anal' '-fdo-lambda-eta-expansion'
 '-fvectorise' '-fenable-rewrite-rules' '-fmax-inline-alloc-size=128'
 '-fcase-merge']",fast,0.214,0.214
58,6e2d9cb7-e051-473b-ac76-129ac170921f,"['-O0' '-fliberate-case' '-fdo-eta-reduction' '-fdo-eta-reduction'
 '-ffull-laziness' '-fcmm-elim-common-blocks' '-fsimplifier-phases=2'
 '-fcse' '-fmax-simplifier-iterations=4' '-fsimplifier-phases=2'
 '-fenable-rewrite-rules' '-fexpose-all-unfoldings' '-feager-blackholing'
 '-funfolding-use-threshold=60' '-funfolding-dict-discount=30'
 '-fmax-inline-memcpy-insns=32' '-fspecialise' '-fcase-merge'
 '-fpedantic-bottoms']",fast,0.215,0.215
59,346e400e-4c2e-42b9-9cab-afb613625267,"['-O0' '-funfolding-fun-discount=60' '-fliberate-case-threshold=2000'
 '-feager-blackholing' '-fdmd-tx-dict-sel' '-fcross-module-specialise'
 '-foptimal-applicative-do' '-fsimpl-tick-factor=100'
 '-foptimal-applicative-do' '-fsimpl-tick-factor=100'
 '-fenable-rewrite-rules' '-fdicts-strict' '-feager-blackholing'
 '-fstrictness-before=1' '-fregs-iterative' '-fliberate-case'
 '-ffun-to-thunk' '-fno-state-hack' '-fno-pre-inlining']",fast,0.212,0.212
60,e58805f5-03bd-4122-8efb-0e70725ecc0c,"['-O0' '-ffull-laziness' '-fno-pre-inlining' '-fcall-arity'
 '-fexcess-precision' '-fmax-inline-memset-insns=32' '-fregs-graph'
 '-funfolding-fun-discount=60' '-feager-blackholing' '-fvectorise'
 '-fliberate-case-threshold=2000' '-fcse' '-fcse' '-fno-pre-inlining'
 '-funfolding-creation-threshold=750' '-fspec-constr-threshold=2000'
 '-fvectorisation-avoidance' '-fregs-graph' '-fstrictness-before=1']",fast,0.214,0.214
61,6a71a852-b6c0-4e7d-9144-f176e1c41393,"['-O0' '-fliberate-case-threshold=2000' '-fomit-yields' '-floopification'
 '-funfolding-dict-discount=30' '-funbox-strict-fields' '-fcall-arity'
 '-fdicts-cheap' '-fmax-simplifier-iterations=4' '-fspec-constr'
 '-fignore-interface-pragmas' '-fdo-eta-reduction'
 '-funbox-small-strict-fields' '-fcpr-anal' '-fdmd-tx-dict-sel'
 '-floopification' '-fcross-module-specialise'
 '-fignore-interface-pragmas' '-fomit-interface-pragmas']",fast,0.212,0.212
62,958e31f6-9e5c-4c22-9688-a46c3eeed21e,"['-O0' '-fignore-asserts' '-fexpose-all-unfoldings'
 '-fmax-inline-memset-insns=32' '-fvectorise' '-fenable-rewrite-rules'
 '-fmax-relevant-binds=6' '-fenable-rewrite-rules' '-fcpr-anal'
 '-fignore-asserts' '-fstrictness-before=1' '-fdicts-strict'
 '-funfolding-dict-discount=30' '-fcross-module-specialise' '-fspecialise'
 '-fdo-eta-reduction' '-funfolding-creation-threshold=750' '-fspec-constr'
 '-fcase-merge']",fast,0.216,0.216
63,e7080521-9f2f-4587-89bc-d0ead30f05d9,"['-O0' '-foptimal-applicative-do' '-floopification'
 '-fmax-simplifier-iterations=4' '-fdo-lambda-eta-expansion'
 '-fcase-merge' '-fvectorise' '-funfolding-fun-discount=60'
 '-fignore-asserts' '-fstrictness-before=1'
 '-fmax-simplifier-iterations=4' '-flate-dmd-anal'
 '-fsimpl-tick-factor=100' '-fdmd-tx-dict-sel' '-fcall-arity'
 '-fvectorisation-avoidance' '-ffun-to-thunk' '-ffloat-in'
 '-fregs-iterative']",fast,0.216,0.216
64,f5fa2483-fe16-4e19-aa84-7d1953fb509c,"['-O0' '-funfolding-dict-discount=30' '-fdicts-cheap' '-fstrictness'
 '-fno-state-hack' '-fspecialise' '-funbox-small-strict-fields'
 '-fsimpl-tick-factor=100' '-foptimal-applicative-do'
 '-fcross-module-specialise' '-ffun-to-thunk' '-floopification'
 '-funfolding-keeness-factor=1.5' '-fspec-constr-count=3' '-fspecialise'
 '-fspec-constr' '-ffun-to-thunk' '-fliberate-case'
 '-fmax-inline-memcpy-insns=32']",fast,0.215,0.215
65,cbb49d3e-f1cc-4726-9077-a242cafc0a27,"['-O0' '-fregs-iterative' '-fno-opt-coercion' '-fcse'
 '-fsimplifier-phases=2' '-fstatic-argument-transformation' '-fcpr-anal'
 '-ffloat-in' '-fdo-lambda-eta-expansion' '-fspecialise' '-fdicts-cheap'
 '-fno-pre-inlining' '-fstrictness' '-ffun-to-thunk'
 '-foptimal-applicative-do' '-floopification' '-fenable-rewrite-rules'
 '-ffull-laziness' '-funfolding-use-threshold=60']",fast,0.21,0.21
66,7da6bdb8-3db3-4eb6-9d29-18df2797b8e5,"['-O0' '-fno-state-hack' '-fcmm-sink' '-fliberate-case-threshold=2000'
 '-fcmm-sink' '-fregs-graph' '-fdmd-tx-dict-sel' '-fpedantic-bottoms'
 '-fomit-interface-pragmas' '-fmax-inline-memset-insns=32'
 '-fvectorisation-avoidance' '-fmax-simplifier-iterations=4'
 '-fexcess-precision' '-fenable-rewrite-rules' '-fignore-asserts'
 '-fno-pre-inlining' '-fspec-constr' '-fmax-relevant-binds=6'
 '-fvectorise']",fast,0.215,0.215
67,2d9c751d-1e01-4868-b612-c6217944196d,"['-O0' '-fvectorisation-avoidance' '-fpedantic-bottoms' '-fcmm-sink'
 '-fcall-arity' '-fignore-asserts' '-fmax-worker-args=10' '-fcmm-sink'
 '-fignore-interface-pragmas' '-funfolding-fun-discount=60' '-fspecialise'
 '-fregs-graph' '-fcmm-sink' '-fenable-rewrite-rules'
 '-fsimplifier-phases=2' '-fcmm-sink' '-ffun-to-thunk'
 '-fenable-rewrite-rules' '-fspecialise']",fast,0.213,0.213
68,ad022e98-16dc-4913-8984-ccee480146c3,"['-O0' '-fcall-arity' '-fcall-arity' '-fworker-wrapper' '-fdicts-strict'
 '-fmax-simplifier-iterations=4' '-fno-opt-coercion' '-fliberate-case'
 '-fmax-inline-memset-insns=32' '-fmax-simplifier-iterations=4'
 '-fliberate-case' '-fstrictness' '-fignore-interface-pragmas'
 '-fcross-module-specialise' '-fvectorise' '-fcase-merge' '-fdicts-cheap'
 '-fstrictness' '-foptimal-applicative-do']",fast,0.215,0.215
69,4b71272d-d0b9-477b-b908-3231b66f61cf,"['-O0' '-fno-pre-inlining' '-fregs-iterative' '-fcmm-elim-common-blocks'
 '-fworker-wrapper' '-fstrictness' '-fcse' '-fdmd-tx-dict-sel'
 '-fdmd-tx-dict-sel' '-fcmm-sink' '-fspec-constr' '-fexcess-precision'
 '-ffull-laziness' '-fvectorisation-avoidance' '-fworker-wrapper'
 '-fexcess-precision' '-funfolding-use-threshold=60' '-fdo-eta-reduction'
 '-foptimal-applicative-do']",fast,0.217,0.217
70,035c25d8-ed43-4682-81b2-3505c0c7124e,"['-O0' '-funbox-small-strict-fields' '-funbox-strict-fields'
 '-fspec-constr-threshold=2000' '-fspec-constr-threshold=2000'
 '-fsimpl-tick-factor=100' '-funfolding-use-threshold=60'
 '-fno-pre-inlining' '-fregs-graph' '-ffull-laziness'
 '-funfolding-creation-threshold=750' '-feager-blackholing'
 '-fcross-module-specialise' '-fenable-rewrite-rules'
 '-fcmm-elim-common-blocks' '-fspecialise' '-ffun-to-thunk'
 '-fcmm-elim-common-blocks' '-fpedantic-bottoms']",fast,0.212,0.212
71,0efa0d25-82b5-4e2f-b959-859f8efe6889,"['-O0' '-fdicts-strict' '-fcall-arity' '-fmax-worker-args=10'
 '-funbox-strict-fields' '-foptimal-applicative-do' '-ffloat-in'
 '-fcall-arity' '-ffull-laziness' '-fdicts-strict' '-fstrictness-before=1'
 '-fcmm-elim-common-blocks' '-fcmm-elim-common-blocks'
 '-fexcess-precision' '-fexpose-all-unfoldings'
 '-fvectorisation-avoidance' '-fspec-constr' '-fcross-module-specialise'
 '-funfolding-fun-discount=60']",fast,0.211,0.211
72,1d874703-f3e8-4ac0-93ca-f6afff6a9801,"['-O0' '-fcall-arity' '-fdmd-tx-dict-sel' '-fcmm-elim-common-blocks'
 '-floopification' '-fvectorise' '-fdmd-tx-dict-sel' '-ffloat-in'
 '-fsimpl-tick-factor=100' '-fomit-interface-pragmas'
 '-fmax-inline-memset-insns=32' '-fpedantic-bottoms'
 '-foptimal-applicative-do' '-fcmm-sink' '-fdo-eta-reduction'
 '-fliberate-case-threshold=2000' '-funbox-small-strict-fields'
 '-fmax-inline-alloc-size=128' '-flate-dmd-anal']",fast,0.21,0.21
73,6db39eaf-5f1d-4105-a25d-ac503e7a337e,"['-O0' '-foptimal-applicative-do' '-fspec-constr-count=3' '-fomit-yields'
 '-fmax-simplifier-iterations=4' '-fdmd-tx-dict-sel'
 '-fstrictness-before=1' '-funfolding-keeness-factor=1.5' '-ffun-to-thunk'
 '-fliberate-case-threshold=2000' '-fvectorise'
 '-fmax-simplifier-iterations=4' '-floopification' '-fspec-constr-count=3'
 '-funfolding-use-threshold=60' '-fmax-worker-args=10'
 '-fmax-inline-memset-insns=32' '-foptimal-applicative-do' '-fcase-merge']",fast,0.211,0.211
74,dee45e33-278d-48a8-ba0f-5e94e56651ab,"['-O0' '-foptimal-applicative-do' '-fliberate-case-threshold=2000'
 '-fdicts-cheap' '-fdo-eta-reduction' '-fexcess-precision'
 '-fmax-inline-memset-insns=32' '-foptimal-applicative-do'
 '-fspec-constr-count=3' '-fsimplifier-phases=2' '-fno-opt-coercion'
 '-fmax-relevant-binds=6' '-funfolding-use-threshold=60' '-ffull-laziness'
 '-fspec-constr' '-fenable-rewrite-rules' '-fdicts-strict' '-fcpr-anal'
 '-fno-pre-inlining']",fast,0.215,0.215
75,f2f5d00f-6bad-4182-82aa-4b1f1a5efadc,"['-O0' '-fregs-iterative' '-flate-dmd-anal' '-fmax-inline-memcpy-insns=32'
 '-fcpr-anal' '-fliberate-case' '-fdicts-cheap' '-fno-pre-inlining'
 '-fcpr-anal' '-funbox-strict-fields' '-fno-opt-coercion'
 '-fno-opt-coercion' '-fvectorisation-avoidance' '-fno-pre-inlining'
 '-fmax-inline-alloc-size=128' '-fmax-relevant-binds=6'
 '-fsimplifier-phases=2' '-fvectorisation-avoidance' '-fcmm-sink']",fast,0.213,0.213
76,4df965ad-4487-4569-91b5-dd02cf00e69c,"['-O0' '-foptimal-applicative-do' '-fexcess-precision' '-fstrictness'
 '-fmax-worker-args=10' '-fliberate-case' '-fstrictness-before=1'
 '-fcross-module-specialise' '-fpedantic-bottoms'
 '-fmax-inline-memcpy-insns=32' '-funbox-strict-fields' '-fvectorise'
 '-fregs-iterative' '-fregs-graph' '-fmax-relevant-binds=6'
 '-fdicts-strict' '-funfolding-fun-discount=60' '-fmax-worker-args=10'
 '-fenable-rewrite-rules']",fast,0.213,0.213
77,34937fa8-4d41-4cd8-9ce8-75645ed7d531,"['-O0' '-fcall-arity' '-fenable-rewrite-rules' '-fno-pre-inlining'
 '-fdicts-strict' '-fno-opt-coercion' '-fomit-yields' '-fcmm-sink'
 '-fmax-inline-memset-insns=32' '-fcall-arity'
 '-fmax-inline-memcpy-insns=32' '-fcall-arity'
 '-funfolding-creation-threshold=750' '-fcase-merge'
 '-fenable-rewrite-rules' '-fworker-wrapper' '-fignore-interface-pragmas'
 '-fignore-interface-pragmas' '-fdicts-strict']",fast,0.212,0.212
78,afccd795-1744-4284-8ba0-60453a457236,"['-O0' '-funfolding-use-threshold=60' '-fmax-inline-memcpy-insns=32'
 '-fliberate-case' '-funfolding-keeness-factor=1.5' '-fcpr-anal'
 '-fmax-worker-args=10' '-fspec-constr-count=3' '-fvectorise' '-fcse'
 '-fmax-worker-args=10' '-funfolding-keeness-factor=1.5'
 '-fspec-constr-count=3' '-fexpose-all-unfoldings'
 '-fstatic-argument-transformation' '-fcmm-elim-common-blocks'
 '-fpedantic-bottoms' '-funbox-strict-fields'
 '-fmax-inline-alloc-size=128']",fast,0.211,0.211
79,1002d713-97f6-4a83-a3d0-fbb6d49a2b76,"['-O0' '-fmax-relevant-binds=6' '-funfolding-dict-discount=30'
 '-fvectorise' '-fliberate-case' '-fmax-simplifier-iterations=4'
 '-fmax-inline-memcpy-insns=32' '-fspec-constr-count=3' '-fdicts-strict'
 '-fno-pre-inlining' '-fomit-interface-pragmas' '-fcpr-anal'
 '-floopification' '-fspec-constr-threshold=2000'
 '-fcross-module-specialise' '-fmax-inline-memcpy-insns=32' '-ffloat-in'
 '-funfolding-dict-discount=30' '-fstatic-argument-transformation']",fast,0.212,0.212
80,afb32472-c307-4ff4-95c4-cd3f29c504db,"['-O0' '-fspecialise' '-funfolding-dict-discount=30'
 '-fstrictness-before=1' '-funfolding-fun-discount=60'
 '-fspec-constr-count=3' '-fsimpl-tick-factor=100' '-fworker-wrapper'
 '-floopification' '-fomit-yields' '-funfolding-dict-discount=30'
 '-fcmm-sink' '-ffun-to-thunk' '-fspec-constr-threshold=2000'
 '-funfolding-creation-threshold=750' '-fno-opt-coercion' '-fcase-merge'
 '-funfolding-keeness-factor=1.5' '-fspec-constr']",fast,0.212,0.212
81,2ca06df9-a487-46d7-b281-e4d083c9e345,"['-O0' '-fmax-inline-alloc-size=128' '-fpedantic-bottoms'
 '-funfolding-fun-discount=60' '-fmax-worker-args=10'
 '-fmax-simplifier-iterations=4' '-fdicts-strict' '-fcse' '-fomit-yields'
 '-fstatic-argument-transformation' '-funfolding-use-threshold=60'
 '-fexcess-precision' '-fexcess-precision' '-fliberate-case' '-ffloat-in'
 '-fworker-wrapper' '-fenable-rewrite-rules' '-fmax-relevant-binds=6'
 '-fignore-interface-pragmas']",fast,0.213,0.213
82,180e51b0-0d63-4f3c-bcd7-4e7612a8d658,"['-O0' '-fregs-graph' '-ffun-to-thunk' '-fno-opt-coercion'
 '-fcmm-elim-common-blocks' '-fliberate-case-threshold=2000'
 '-funfolding-creation-threshold=750' '-fexcess-precision' '-fregs-graph'
 '-fvectorise' '-fexcess-precision' '-fomit-yields'
 '-funfolding-use-threshold=60' '-fcmm-sink' '-flate-dmd-anal'
 '-funfolding-keeness-factor=1.5' '-fdo-eta-reduction'
 '-fstatic-argument-transformation' '-ffun-to-thunk']",fast,0.212,0.212
83,dfb014ff-158c-415f-be43-fd26e3f14778,"['-O0' '-fworker-wrapper' '-fsimpl-tick-factor=100'
 '-fmax-relevant-binds=6' '-fdicts-cheap'
 '-funfolding-creation-threshold=750' '-fomit-yields' '-fspecialise'
 '-fpedantic-bottoms' '-fcpr-anal' '-fdo-lambda-eta-expansion'
 '-fomit-yields' '-fvectorisation-avoidance' '-fexcess-precision'
 '-flate-dmd-anal' '-foptimal-applicative-do' '-fcmm-sink'
 '-ffull-laziness' '-fexpose-all-unfoldings']",fast,0.213,0.213
84,6daa59b9-8094-467e-bf46-00ffa573ec71,"['-O0' '-fmax-inline-memcpy-insns=32' '-fdmd-tx-dict-sel'
 '-fno-opt-coercion' '-fno-pre-inlining' '-funfolding-use-threshold=60'
 '-fpedantic-bottoms' '-fspec-constr' '-fmax-inline-memset-insns=32'
 '-fsimpl-tick-factor=100' '-funfolding-keeness-factor=1.5' '-fstrictness'
 '-fdmd-tx-dict-sel' '-fexpose-all-unfoldings' '-fpedantic-bottoms'
 '-fvectorise' '-funfolding-keeness-factor=1.5' '-fcmm-sink'
 '-fno-opt-coercion']",fast,0.212,0.212
85,8cc29d39-17e4-4c7d-a999-d47557074b87,"['-O0' '-fsimplifier-phases=2' '-flate-dmd-anal'
 '-fmax-inline-memcpy-insns=32' '-fcase-merge' '-fworker-wrapper'
 '-fmax-relevant-binds=6' '-fsimplifier-phases=2'
 '-funbox-small-strict-fields' '-fspec-constr-threshold=2000'
 '-fcall-arity' '-fregs-graph' '-floopification' '-fsimplifier-phases=2'
 '-fsimpl-tick-factor=100' '-fstatic-argument-transformation'
 '-fno-state-hack' '-fdicts-strict' '-fliberate-case']",fast,0.211,0.211
86,58ced1f1-6e5e-46a6-b316-79b7acff4edc,"['-O0' '-fno-pre-inlining' '-ffull-laziness'
 '-funfolding-use-threshold=60' '-fcase-merge'
 '-funfolding-creation-threshold=750' '-fstrictness' '-fspec-constr'
 '-fpedantic-bottoms' '-fpedantic-bottoms' '-fmax-inline-alloc-size=128'
 '-fmax-simplifier-iterations=4' '-funfolding-fun-discount=60'
 '-fsimplifier-phases=2' '-fno-state-hack' '-fmax-worker-args=10'
 '-fmax-inline-memset-insns=32' '-fcmm-elim-common-blocks'
 '-floopification']",fast,0.211,0.211
87,52d25fe7-5ea3-4e91-a127-027275a59e57,"['-O0' '-fcase-merge' '-funfolding-use-threshold=60' '-floopification'
 '-fsimpl-tick-factor=100' '-funbox-strict-fields' '-fsimplifier-phases=2'
 '-fmax-inline-memcpy-insns=32' '-fomit-interface-pragmas' '-fdicts-cheap'
 '-fstrictness' '-fdo-lambda-eta-expansion' '-fregs-iterative'
 '-fignore-asserts' '-fenable-rewrite-rules' '-fignore-asserts'
 '-fomit-yields' '-fpedantic-bottoms' '-fcall-arity']",fast,0.215,0.215
88,3afcba47-9e77-4cd3-b26c-ba445de55ab5,"['-O0' '-funfolding-creation-threshold=750' '-fdmd-tx-dict-sel'
 '-fregs-iterative' '-funfolding-keeness-factor=1.5'
 '-fmax-relevant-binds=6' '-fignore-asserts' '-fcall-arity'
 '-fno-state-hack' '-fdmd-tx-dict-sel' '-fstrictness'
 '-funfolding-fun-discount=60' '-flate-dmd-anal' '-fno-state-hack'
 '-fdmd-tx-dict-sel' '-fstrictness-before=1'
 '-funfolding-use-threshold=60' '-fexpose-all-unfoldings'
 '-funfolding-dict-discount=30']",fast,0.212,0.212
89,0ccd08b9-9fcb-4e1b-938b-e2f27320af43,"['-O0' '-fcpr-anal' '-fcall-arity' '-fno-opt-coercion'
 '-funfolding-dict-discount=30' '-fstrictness-before=1' '-ffun-to-thunk'
 '-funfolding-fun-discount=60' '-fignore-interface-pragmas'
 '-fenable-rewrite-rules' '-funfolding-use-threshold=60'
 '-fno-pre-inlining' '-fspec-constr-threshold=2000' '-fdicts-cheap'
 '-fomit-yields' '-fworker-wrapper' '-flate-dmd-anal'
 '-fomit-interface-pragmas' '-fomit-interface-pragmas']",fast,0.211,0.211
90,c1896215-fabe-4ada-a249-e5ba0e6eac36,"['-O0' '-fregs-graph' '-fspec-constr-threshold=2000'
 '-fexpose-all-unfoldings' '-fspec-constr-threshold=2000'
 '-fsimpl-tick-factor=100' '-fmax-inline-memcpy-insns=32'
 '-fmax-relevant-binds=6' '-fdicts-cheap' '-fno-opt-coercion' '-fcpr-anal'
 '-fspecialise' '-fspecialise' '-fignore-asserts'
 '-fmax-inline-alloc-size=128' '-funfolding-creation-threshold=750'
 '-fdo-eta-reduction' '-fcross-module-specialise' '-fmax-relevant-binds=6']",fast,0.212,0.212
91,4739674b-16aa-4b52-9647-d07b4ea038a9,"['-O0' '-fexpose-all-unfoldings' '-fmax-inline-memset-insns=32'
 '-feager-blackholing' '-funfolding-creation-threshold=750'
 '-fdicts-cheap' '-funfolding-creation-threshold=750' '-ffun-to-thunk'
 '-floopification' '-fignore-interface-pragmas' '-fcpr-anal'
 '-fexcess-precision' '-fmax-inline-memset-insns=32'
 '-funfolding-dict-discount=30' '-fexcess-precision' '-fno-opt-coercion'
 '-fexcess-precision' '-funfolding-fun-discount=60'
 '-fspec-constr-threshold=2000']",fast,0.214,0.214
92,7c0fda96-eb39-4295-86a3-8e719512b972,"['-O0' '-funfolding-dict-discount=30' '-feager-blackholing' '-ffloat-in'
 '-fvectorise' '-fignore-asserts' '-fmax-worker-args=10' '-ffloat-in'
 '-fspec-constr-count=3' '-fsimpl-tick-factor=100' '-funbox-strict-fields'
 '-fcmm-elim-common-blocks' '-fdmd-tx-dict-sel' '-fexcess-precision'
 '-funbox-strict-fields' '-fcase-merge' '-floopification'
 '-funfolding-use-threshold=60' '-fcall-arity']",fast,0.217,0.217
93,6718f470-5b81-4e38-ae53-48ae5a343d85,"['-O0' '-fcmm-elim-common-blocks' '-fcmm-elim-common-blocks'
 '-funfolding-keeness-factor=1.5' '-funfolding-fun-discount=60'
 '-fenable-rewrite-rules' '-flate-dmd-anal' '-fdo-lambda-eta-expansion'
 '-fstatic-argument-transformation' '-fmax-simplifier-iterations=4'
 '-fvectorise' '-fliberate-case' '-fregs-iterative'
 '-fliberate-case-threshold=2000' '-fdo-eta-reduction' '-fcpr-anal'
 '-fignore-asserts' '-fvectorise' '-fstrictness']",fast,0.214,0.214
94,11905375-2dfa-4221-8cbc-d2e9b07a8c05,"['-O0' '-fsimplifier-phases=2' '-fno-pre-inlining'
 '-funfolding-fun-discount=60' '-flate-dmd-anal' '-ffun-to-thunk'
 '-funfolding-use-threshold=60' '-fdmd-tx-dict-sel' '-fexcess-precision'
 '-fdicts-cheap' '-fmax-inline-memcpy-insns=32' '-fenable-rewrite-rules'
 '-fmax-inline-memset-insns=32' '-fcross-module-specialise'
 '-flate-dmd-anal' '-fmax-inline-alloc-size=128'
 '-fspec-constr-threshold=2000' '-foptimal-applicative-do'
 '-funfolding-creation-threshold=750']",fast,0.214,0.214
95,3bbcad7a-3f8a-4aa1-ae18-45ecd8091c38,"['-O0' '-fspec-constr-count=3' '-fliberate-case-threshold=2000'
 '-fvectorisation-avoidance' '-fomit-yields' '-fpedantic-bottoms'
 '-fstrictness' '-funfolding-keeness-factor=1.5' '-fno-state-hack'
 '-fcmm-elim-common-blocks' '-foptimal-applicative-do'
 '-fmax-simplifier-iterations=4' '-fmax-inline-memset-insns=32'
 '-fspec-constr' '-ffloat-in' '-fcase-merge'
 '-fspec-constr-threshold=2000' '-fregs-graph' '-fmax-worker-args=10']",fast,0.214,0.214
96,d3eea0bd-d67d-444e-97ec-0ede9e3a1592,"['-O0' '-fsimpl-tick-factor=100' '-ffloat-in' '-fno-opt-coercion'
 '-fexpose-all-unfoldings' '-fmax-worker-args=10'
 '-fexpose-all-unfoldings' '-fspecialise' '-fno-state-hack'
 '-funfolding-fun-discount=60' '-fdicts-cheap' '-fvectorise'
 '-fno-opt-coercion' '-ffun-to-thunk' '-fspec-constr-threshold=2000'
 '-ffloat-in' '-fsimplifier-phases=2' '-fno-state-hack'
 '-funfolding-fun-discount=60']",fast,0.215,0.215
97,4d64f328-51c8-4f33-9828-de7eed27c34f,"['-O0' '-ffun-to-thunk' '-fvectorisation-avoidance'
 '-fsimpl-tick-factor=100' '-funfolding-use-threshold=60'
 '-fmax-inline-alloc-size=128' '-fomit-interface-pragmas'
 '-funbox-small-strict-fields' '-fdicts-cheap'
 '-fspec-constr-threshold=2000' '-fspecialise' '-fcross-module-specialise'
 '-fomit-yields' '-fpedantic-bottoms' '-fcse' '-fcpr-anal'
 '-fstatic-argument-transformation' '-fworker-wrapper' '-fdicts-strict']",fast,0.212,0.212
98,3f897547-9519-4f76-80fa-51c4d8fe4213,"['-O0' '-floopification' '-funfolding-keeness-factor=1.5' '-fcpr-anal'
 '-fdicts-cheap' '-fexpose-all-unfoldings'
 '-fstatic-argument-transformation' '-fmax-inline-alloc-size=128'
 '-fstrictness-before=1' '-fdmd-tx-dict-sel' '-fregs-graph'
 '-fno-opt-coercion' '-funfolding-fun-discount=60' '-fsimplifier-phases=2'
 '-funfolding-use-threshold=60' '-fmax-inline-memcpy-insns=32'
 '-funbox-small-strict-fields' '-flate-dmd-anal' '-fstrictness']",fast,0.211,0.211
99,1e325198-a395-41eb-b575-178ac4cb8063,"['-O0' '-fcross-module-specialise' '-fmax-relevant-binds=6'
 '-ffun-to-thunk' '-fpedantic-bottoms' '-funfolding-keeness-factor=1.5'
 '-fregs-iterative' '-fexpose-all-unfoldings' '-fcase-merge'
 '-fno-opt-coercion' '-fcse' '-fno-state-hack' '-fvectorisation-avoidance'
 '-funfolding-dict-discount=30' '-fmax-simplifier-iterations=4'
 '-fstrictness' '-foptimal-applicative-do' '-fcmm-sink'
 '-fstrictness-before=1']",fast,0.213,0.213
100,48e66ff7-ab15-4998-9e4f-96a615f251c0,"['-O0' '-funfolding-dict-discount=30' '-fdicts-strict' '-fdicts-cheap'
 '-funfolding-dict-discount=30' '-funfolding-creation-threshold=750'
 '-fenable-rewrite-rules' '-fpedantic-bottoms'
 '-fmax-simplifier-iterations=4' '-fregs-graph' '-fdicts-cheap'
 '-fspecialise' '-foptimal-applicative-do' '-fno-state-hack'
 '-fmax-worker-args=10' '-fexpose-all-unfoldings' '-ffloat-in'
 '-fpedantic-bottoms' '-funfolding-dict-discount=30']",fast,0.216,0.216
101,f221fb13-27bc-4ed1-8c3c-daf7885ef468,"['-O0' '-fignore-asserts' '-funbox-small-strict-fields' '-fliberate-case'
 '-fmax-worker-args=10' '-ffun-to-thunk' '-fdicts-cheap'
 '-fomit-interface-pragmas' '-fcpr-anal' '-fcall-arity' '-fcse'
 '-fexcess-precision' '-fcross-module-specialise' '-fpedantic-bottoms'
 '-fexcess-precision' '-fregs-graph' '-funfolding-use-threshold=60'
 '-foptimal-applicative-do' '-fomit-interface-pragmas']",fast,0.212,0.212
102,0b88c115-b6fb-47db-a6a8-4aaf4da1c908,"['-O0' '-fdo-eta-reduction' '-fstrictness-before=1'
 '-fcmm-elim-common-blocks' '-fomit-yields'
 '-funfolding-creation-threshold=750' '-funfolding-fun-discount=60'
 '-fstatic-argument-transformation' '-ffloat-in' '-fspec-constr-count=3'
 '-funfolding-creation-threshold=750' '-fno-state-hack' '-fcmm-sink'
 '-fstatic-argument-transformation' '-fpedantic-bottoms' '-fspecialise'
 '-ffun-to-thunk' '-ffun-to-thunk' '-fspec-constr']",fast,0.212,0.212
103,82168d41-8350-4fc9-b884-c7b4627f5e2a,"['-O0' '-funfolding-fun-discount=60' '-fcross-module-specialise'
 '-fcmm-sink' '-fstrictness' '-fstrictness'
 '-fliberate-case-threshold=2000' '-fregs-iterative'
 '-funfolding-fun-discount=60' '-fdo-eta-reduction' '-fcse'
 '-fignore-interface-pragmas' '-fcpr-anal' '-fdmd-tx-dict-sel'
 '-fomit-interface-pragmas' '-fvectorise' '-funbox-strict-fields'
 '-funbox-strict-fields' '-fsimpl-tick-factor=100']",fast,0.212,0.212
104,79ff733d-ef9c-4b72-b6cc-9608029a4e55,"['-O0' '-fno-pre-inlining' '-fdicts-cheap' '-funfolding-use-threshold=60'
 '-fcase-merge' '-fpedantic-bottoms' '-funfolding-creation-threshold=750'
 '-fexpose-all-unfoldings' '-fexpose-all-unfoldings'
 '-fsimplifier-phases=2' '-fmax-inline-memset-insns=32' '-ffloat-in'
 '-fno-state-hack' '-fomit-yields' '-fspec-constr-count=3'
 '-fworker-wrapper' '-fcross-module-specialise' '-funbox-strict-fields'
 '-fworker-wrapper']",fast,0.212,0.212
105,2e7cf4ab-bdcd-4f6b-9110-7bc49c144ef6,"['-O0' '-fstatic-argument-transformation' '-foptimal-applicative-do'
 '-fsimplifier-phases=2' '-fspec-constr-threshold=2000'
 '-fmax-relevant-binds=6' '-ffloat-in' '-floopification' '-fcmm-sink'
 '-fcse' '-funfolding-fun-discount=60' '-fsimplifier-phases=2'
 '-flate-dmd-anal' '-fdmd-tx-dict-sel' '-fcmm-elim-common-blocks'
 '-fmax-relevant-binds=6' '-ffloat-in' '-ffull-laziness'
 '-fmax-inline-memcpy-insns=32']",fast,0.214,0.214
106,fd589bb3-bd3c-48d8-9321-1fc0f97e6729,"['-O0' '-fmax-relevant-binds=6' '-fvectorisation-avoidance'
 '-fomit-yields' '-fexcess-precision' '-fno-opt-coercion'
 '-ffull-laziness' '-fcpr-anal' '-fstatic-argument-transformation'
 '-fmax-relevant-binds=6' '-fmax-simplifier-iterations=4' '-fcmm-sink'
 '-funfolding-keeness-factor=1.5' '-flate-dmd-anal' '-fmax-worker-args=10'
 '-fspecialise' '-fliberate-case-threshold=2000'
 '-funfolding-creation-threshold=750' '-fsimpl-tick-factor=100']",fast,0.212,0.212
107,3d329b34-b8fb-43f9-a240-518d1c96a369,"['-O0' '-fignore-interface-pragmas' '-fmax-simplifier-iterations=4'
 '-fno-pre-inlining' '-floopification' '-funfolding-fun-discount=60'
 '-fcse' '-fstatic-argument-transformation' '-foptimal-applicative-do'
 '-fvectorise' '-fliberate-case' '-feager-blackholing'
 '-funfolding-creation-threshold=750' '-fvectorise' '-fno-opt-coercion'
 '-fexpose-all-unfoldings' '-fdo-lambda-eta-expansion' '-fcase-merge'
 '-fspec-constr-threshold=2000']",fast,0.211,0.211
108,ccd33652-6ddc-441b-95f8-3c56c20c456f,"['-O0' '-fdo-eta-reduction' '-funfolding-use-threshold=60'
 '-fignore-asserts' '-ffloat-in' '-fdo-eta-reduction'
 '-fdo-lambda-eta-expansion' '-fvectorise' '-fliberate-case' '-fcmm-sink'
 '-fliberate-case-threshold=2000' '-fcross-module-specialise'
 '-funbox-strict-fields' '-ffun-to-thunk' '-fcall-arity'
 '-fdmd-tx-dict-sel' '-fignore-asserts' '-fstatic-argument-transformation'
 '-fworker-wrapper']",fast,0.211,0.211
109,94a047ac-e673-42b0-beed-ac47a3bfce3e,"['-O0' '-feager-blackholing' '-fexcess-precision'
 '-fspec-constr-threshold=2000' '-fspec-constr-count=3' '-fliberate-case'
 '-funbox-strict-fields' '-fomit-yields' '-fdicts-strict'
 '-fmax-simplifier-iterations=4' '-fcmm-elim-common-blocks'
 '-fregs-iterative' '-fvectorisation-avoidance'
 '-fignore-interface-pragmas' '-fliberate-case'
 '-funbox-small-strict-fields' '-fno-pre-inlining' '-fcase-merge'
 '-fvectorise']",fast,0.211,0.211
110,6f29483c-6f27-43cf-9a5a-6f036a19de20,"['-O0' '-fsimpl-tick-factor=100' '-fno-state-hack'
 '-fmax-simplifier-iterations=4' '-funfolding-use-threshold=60'
 '-funfolding-keeness-factor=1.5' '-fcmm-elim-common-blocks'
 '-ffull-laziness' '-ffull-laziness' '-ffloat-in'
 '-fexpose-all-unfoldings' '-fexpose-all-unfoldings' '-fpedantic-bottoms'
 '-fcse' '-fomit-yields' '-fdo-eta-reduction' '-fstrictness-before=1'
 '-fcmm-sink' '-feager-blackholing']",fast,0.211,0.211
111,18a385b7-cc35-4ef5-8b2d-dd38f73a0376,"['-O0' '-fpedantic-bottoms' '-funfolding-fun-discount=60' '-fspecialise'
 '-fdo-lambda-eta-expansion' '-fdmd-tx-dict-sel' '-funbox-strict-fields'
 '-fmax-relevant-binds=6' '-fspec-constr' '-fcmm-elim-common-blocks'
 '-funfolding-fun-discount=60' '-flate-dmd-anal' '-fmax-relevant-binds=6'
 '-funfolding-creation-threshold=750' '-fenable-rewrite-rules'
 '-funfolding-creation-threshold=750' '-fpedantic-bottoms'
 '-fno-state-hack' '-fno-opt-coercion']",fast,0.211,0.211
112,f04e01a5-aa9f-492b-b9ad-121c6057eac8,"['-O0' '-fsimplifier-phases=2' '-fno-state-hack' '-fregs-iterative'
 '-fmax-inline-memcpy-insns=32' '-funfolding-keeness-factor=1.5'
 '-fmax-inline-alloc-size=128' '-fdo-eta-reduction' '-fworker-wrapper'
 '-fexcess-precision' '-fdicts-strict' '-fvectorisation-avoidance'
 '-fsimplifier-phases=2' '-floopification' '-fcmm-elim-common-blocks'
 '-flate-dmd-anal' '-fmax-relevant-binds=6' '-fvectorisation-avoidance'
 '-ffun-to-thunk']",fast,0.211,0.211
113,5306c9dc-01a6-4da7-8b01-dd9d7f634981,"['-O0' '-funfolding-keeness-factor=1.5' '-fcmm-elim-common-blocks'
 '-fliberate-case' '-fspecialise' '-fregs-iterative' '-fcmm-sink'
 '-fcase-merge' '-fworker-wrapper' '-funfolding-fun-discount=60'
 '-fdicts-cheap' '-fmax-relevant-binds=6' '-fmax-inline-alloc-size=128'
 '-feager-blackholing' '-fcmm-elim-common-blocks' '-feager-blackholing'
 '-funfolding-fun-discount=60' '-fmax-simplifier-iterations=4'
 '-funbox-strict-fields']",fast,0.211,0.211
114,83436c7c-1a13-4641-ae41-6ce0d3127cbd,"['-O0' '-funfolding-keeness-factor=1.5' '-fmax-inline-memcpy-insns=32'
 '-ffun-to-thunk' '-fdicts-cheap' '-fdicts-strict'
 '-fenable-rewrite-rules' '-fliberate-case-threshold=2000'
 '-fmax-inline-memcpy-insns=32' '-fspec-constr-count=3' '-fliberate-case'
 '-fworker-wrapper' '-funfolding-dict-discount=30' '-fpedantic-bottoms'
 '-fexpose-all-unfoldings' '-funfolding-dict-discount=30'
 '-fstrictness-before=1' '-fdicts-cheap' '-fvectorise']",fast,0.21,0.21
115,9ec403c2-61c9-4427-abd6-6457eb36481e,"['-O0' '-fcall-arity' '-fenable-rewrite-rules' '-fignore-asserts'
 '-fmax-inline-alloc-size=128' '-fmax-inline-alloc-size=128'
 '-fcall-arity' '-fmax-inline-alloc-size=128' '-fworker-wrapper'
 '-fno-pre-inlining' '-fmax-inline-alloc-size=128' '-ffull-laziness'
 '-fmax-simplifier-iterations=4' '-fexpose-all-unfoldings'
 '-fdmd-tx-dict-sel' '-fspec-constr-count=3' '-fregs-iterative'
 '-fsimpl-tick-factor=100' '-fworker-wrapper']",fast,0.21,0.21
116,3adb07ca-41dd-4002-b76a-5a98b023bca8,"['-O0' '-fregs-graph' '-fno-pre-inlining' '-fmax-relevant-binds=6'
 '-fmax-inline-memcpy-insns=32' '-fmax-worker-args=10'
 '-fsimplifier-phases=2' '-fmax-relevant-binds=6'
 '-fmax-inline-alloc-size=128' '-fmax-inline-alloc-size=128'
 '-funfolding-use-threshold=60' '-fomit-interface-pragmas' '-ffloat-in'
 '-fdmd-tx-dict-sel' '-funfolding-use-threshold=60'
 '-fmax-inline-alloc-size=128' '-fno-opt-coercion' '-fno-state-hack'
 '-fsimplifier-phases=2']",fast,0.21,0.21
117,f5ed49b7-3a86-465a-be61-5c098ea8a6b3,"['-O0' '-fmax-relevant-binds=6' '-ffloat-in' '-fregs-graph'
 '-fstrictness-before=1' '-funfolding-use-threshold=60'
 '-fsimplifier-phases=2' '-fcpr-anal' '-fomit-yields' '-fno-opt-coercion'
 '-funfolding-dict-discount=30' '-fomit-yields'
 '-fliberate-case-threshold=2000' '-fno-opt-coercion'
 '-foptimal-applicative-do' '-fcmm-elim-common-blocks'
 '-funbox-strict-fields' '-fmax-inline-alloc-size=128'
 '-fsimplifier-phases=2']",fast,0.211,0.211
118,32d63d6b-c784-46be-8cb6-4bd30266157c,"['-O0' '-funfolding-dict-discount=30' '-fcse' '-fdmd-tx-dict-sel'
 '-ffloat-in' '-fmax-simplifier-iterations=4' '-fworker-wrapper'
 '-ffloat-in' '-fdicts-strict' '-fmax-relevant-binds=6'
 '-fmax-inline-alloc-size=128' '-funfolding-keeness-factor=1.5'
 '-ffloat-in' '-ffun-to-thunk' '-fliberate-case-threshold=2000'
 '-fcross-module-specialise' '-fignore-asserts' '-fsimpl-tick-factor=100'
 '-fstrictness']",fast,0.213,0.213
119,977e83c8-3a0b-4cf6-aa96-90f92d8110f8,"['-O0' '-ffull-laziness' '-fomit-yields' '-fdicts-cheap' '-fvectorise'
 '-fno-opt-coercion' '-fstrictness' '-fdo-lambda-eta-expansion'
 '-fspec-constr' '-fregs-iterative' '-fomit-interface-pragmas'
 '-fmax-inline-memcpy-insns=32' '-fexcess-precision' '-flate-dmd-anal'
 '-fmax-worker-args=10' '-fignore-asserts' '-fignore-asserts'
 '-fexcess-precision' '-fno-opt-coercion']",fast,0.216,0.216
120,3cf158e7-8c2d-41fc-a935-531f58a40b86,"['-O0' '-fspec-constr' '-fdicts-strict' '-fspec-constr-count=3'
 '-fexpose-all-unfoldings' '-funfolding-creation-threshold=750'
 '-fmax-relevant-binds=6' '-fmax-inline-alloc-size=128' '-fcpr-anal'
 '-fdicts-cheap' '-fliberate-case-threshold=2000' '-fomit-yields'
 '-fspec-constr' '-fpedantic-bottoms' '-funfolding-keeness-factor=1.5'
 '-fregs-iterative' '-ffull-laziness' '-funfolding-use-threshold=60'
 '-ffull-laziness']",fast,0.211,0.211
121,5e40dd49-3aba-41a5-88b8-9c9ad0660753,"['-O0' '-fstatic-argument-transformation' '-fdicts-cheap'
 '-foptimal-applicative-do' '-fno-state-hack'
 '-fmax-inline-alloc-size=128' '-fspecialise' '-fdicts-cheap'
 '-feager-blackholing' '-fsimplifier-phases=2' '-fcase-merge'
 '-fliberate-case-threshold=2000' '-ffun-to-thunk' '-fdmd-tx-dict-sel'
 '-fignore-interface-pragmas' '-fignore-asserts'
 '-foptimal-applicative-do' '-fignore-interface-pragmas'
 '-fspec-constr-count=3']",fast,0.213,0.213
122,bc466999-e8ad-411d-8afb-1300571e8e26,"['-O0' '-fomit-yields' '-fregs-graph' '-floopification'
 '-fstatic-argument-transformation' '-floopification' '-fdicts-cheap'
 '-fmax-relevant-binds=6' '-fomit-interface-pragmas' '-fexcess-precision'
 '-fcross-module-specialise' '-fdicts-cheap' '-foptimal-applicative-do'
 '-fvectorisation-avoidance' '-fsimpl-tick-factor=100'
 '-fmax-inline-alloc-size=128' '-fregs-iterative'
 '-fcross-module-specialise' '-fexcess-precision']",fast,0.212,0.212
123,61d6e3a5-90f4-4024-8720-5a3b39a43a77,"['-O0' '-fliberate-case-threshold=2000' '-fliberate-case'
 '-fignore-asserts' '-fspec-constr-count=3' '-funbox-small-strict-fields'
 '-funfolding-creation-threshold=750' '-fdo-lambda-eta-expansion'
 '-flate-dmd-anal' '-fno-state-hack' '-fspec-constr-count=3'
 '-fliberate-case' '-fdo-lambda-eta-expansion'
 '-fstatic-argument-transformation' '-fmax-worker-args=10' '-fcase-merge'
 '-funfolding-keeness-factor=1.5' '-fmax-inline-alloc-size=128'
 '-funfolding-fun-discount=60']",fast,0.212,0.212
124,8108aff0-a4ac-452c-bcd0-15edce9bbe62,"['-O0' '-fcall-arity' '-fmax-worker-args=10' '-fsimpl-tick-factor=100'
 '-fsimpl-tick-factor=100' '-fspec-constr-threshold=2000'
 '-funfolding-keeness-factor=1.5' '-fdicts-strict' '-fregs-graph'
 '-fstrictness-before=1' '-flate-dmd-anal' '-fenable-rewrite-rules'
 '-fstrictness' '-fspecialise' '-fexpose-all-unfoldings' '-fno-state-hack'
 '-fpedantic-bottoms' '-fno-opt-coercion' '-fspecialise']",fast,0.213,0.213
125,64a40701-5989-48aa-bd84-3ddab21909ae,"['-O0' '-fregs-graph' '-fignore-asserts' '-foptimal-applicative-do'
 '-fmax-inline-memset-insns=32' '-fmax-inline-memset-insns=32'
 '-flate-dmd-anal' '-fexcess-precision' '-fpedantic-bottoms'
 '-feager-blackholing' '-fvectorisation-avoidance'
 '-fmax-inline-alloc-size=128' '-fmax-relevant-binds=6'
 '-fspec-constr-count=3' '-fdo-eta-reduction' '-fstrictness'
 '-fspecialise' '-fmax-inline-alloc-size=128'
 '-fmax-simplifier-iterations=4']",fast,0.21,0.21
126,f6ceae03-25f2-4030-97db-45cde85c1ef3,"['-O0' '-fexcess-precision' '-fdicts-cheap' '-fregs-iterative'
 '-fstrictness-before=1' '-fomit-interface-pragmas' '-floopification'
 '-fomit-interface-pragmas' '-funbox-small-strict-fields'
 '-fstatic-argument-transformation' '-feager-blackholing'
 '-funbox-strict-fields' '-ffloat-in' '-fvectorisation-avoidance'
 '-fdo-eta-reduction' '-fstrictness' '-fcmm-sink' '-feager-blackholing'
 '-ffloat-in']",fast,0.211,0.211
127,2ecdd91f-9080-4c0a-9b7e-e0dad1db389e,"['-O0' '-fmax-inline-memset-insns=32' '-fcall-arity'
 '-fignore-interface-pragmas' '-fregs-iterative' '-fcpr-anal'
 '-fmax-relevant-binds=6' '-fliberate-case' '-fno-opt-coercion'
 '-fliberate-case' '-fmax-inline-alloc-size=128'
 '-fdo-lambda-eta-expansion' '-fpedantic-bottoms' '-fvectorise'
 '-fignore-asserts' '-fdicts-strict' '-fomit-interface-pragmas'
 '-fmax-relevant-binds=6' '-fsimplifier-phases=2']",fast,0.212,0.212
128,ee142378-e024-4ec6-a3e1-975ef146ebf1,"['-O0' '-fvectorise' '-fomit-interface-pragmas' '-fdmd-tx-dict-sel'
 '-fdo-eta-reduction' '-ffloat-in' '-fspec-constr-count=3'
 '-fmax-inline-memcpy-insns=32' '-fmax-inline-alloc-size=128'
 '-fliberate-case' '-funfolding-keeness-factor=1.5' '-fcse'
 '-fno-pre-inlining' '-fdicts-strict' '-fspecialise' '-fpedantic-bottoms'
 '-fvectorise' '-fvectorisation-avoidance' '-fno-pre-inlining']",fast,0.213,0.213
129,defb56ba-66e3-413b-86ed-450b0e5a77eb,"['-O0' '-fdo-eta-reduction' '-fcall-arity'
 '-funfolding-keeness-factor=1.5' '-fmax-inline-memset-insns=32'
 '-fregs-iterative' '-fdicts-strict' '-fdo-lambda-eta-expansion'
 '-fexcess-precision' '-fspec-constr-count=3' '-fpedantic-bottoms'
 '-fstatic-argument-transformation' '-funfolding-dict-discount=30'
 '-fmax-relevant-binds=6' '-fno-state-hack' '-fstrictness-before=1'
 '-fmax-worker-args=10' '-fmax-relevant-binds=6' '-fspec-constr']",fast,0.214,0.214
130,967f30c3-34eb-431f-a1f2-6dd024df790a,"['-O0' '-fsimplifier-phases=2' '-ffull-laziness'
 '-fstatic-argument-transformation' '-fspecialise' '-fomit-yields'
 '-funfolding-fun-discount=60' '-fcmm-elim-common-blocks'
 '-fsimpl-tick-factor=100' '-funbox-small-strict-fields'
 '-fexpose-all-unfoldings' '-fexcess-precision' '-fcmm-elim-common-blocks'
 '-ffull-laziness' '-fspec-constr-threshold=2000'
 '-funfolding-use-threshold=60' '-fno-state-hack' '-funbox-strict-fields'
 '-fomit-interface-pragmas']",fast,0.216,0.216
131,ea738c3c-3aec-4dab-94dd-8567334bcc44,"['-O0' '-fomit-interface-pragmas' '-fcse' '-fsimpl-tick-factor=100'
 '-fdo-eta-reduction' '-fregs-graph' '-fdmd-tx-dict-sel'
 '-fignore-interface-pragmas' '-ffun-to-thunk' '-fcase-merge'
 '-funbox-strict-fields' '-fliberate-case' '-fcmm-sink' '-ffull-laziness'
 '-feager-blackholing' '-fspec-constr' '-funfolding-fun-discount=60'
 '-fspec-constr-count=3' '-fexpose-all-unfoldings']",fast,0.211,0.211
132,8bb30a6f-01f1-431c-a97e-3872904f80bd,"['-O0' '-fspecialise' '-fdo-eta-reduction' '-fmax-inline-memcpy-insns=32'
 '-fliberate-case' '-foptimal-applicative-do'
 '-funfolding-keeness-factor=1.5' '-funbox-small-strict-fields'
 '-fspec-constr' '-fcse' '-fignore-interface-pragmas'
 '-funbox-small-strict-fields' '-fdo-lambda-eta-expansion'
 '-fvectorisation-avoidance' '-fmax-inline-memset-insns=32'
 '-funfolding-creation-threshold=750' '-fno-state-hack'
 '-fno-opt-coercion' '-fstrictness-before=1']",fast,0.213,0.213
133,7e1b54ae-2629-417f-b953-5b2efa1716c1,"['-O0' '-fignore-interface-pragmas' '-fsimpl-tick-factor=100'
 '-fenable-rewrite-rules' '-foptimal-applicative-do'
 '-fmax-inline-memcpy-insns=32' '-fpedantic-bottoms'
 '-fstrictness-before=1' '-fcase-merge' '-funfolding-dict-discount=30'
 '-floopification' '-foptimal-applicative-do' '-fcpr-anal'
 '-fenable-rewrite-rules' '-ffloat-in' '-fspecialise' '-fdicts-strict'
 '-funfolding-dict-discount=30' '-fcross-module-specialise']",fast,0.213,0.213
134,258aa5d8-d129-43d9-b91d-8a1250e071de,"['-O0' '-funbox-small-strict-fields' '-funfolding-use-threshold=60'
 '-flate-dmd-anal' '-fdo-eta-reduction' '-fexcess-precision'
 '-fexcess-precision' '-fvectorise' '-fstatic-argument-transformation'
 '-ffun-to-thunk' '-fmax-simplifier-iterations=4' '-fregs-iterative'
 '-fcmm-elim-common-blocks' '-fcmm-sink' '-fspec-constr-threshold=2000'
 '-fcpr-anal' '-funbox-strict-fields' '-fliberate-case-threshold=2000'
 '-fno-pre-inlining']",fast,0.212,0.212
135,be434895-ceca-40f3-b80d-084616506407,"['-O0' '-fworker-wrapper' '-fregs-iterative' '-fcmm-elim-common-blocks'
 '-funfolding-fun-discount=60' '-fvectorise' '-fignore-interface-pragmas'
 '-funfolding-keeness-factor=1.5' '-ffun-to-thunk'
 '-fspec-constr-threshold=2000' '-fliberate-case-threshold=2000'
 '-fignore-interface-pragmas' '-fdmd-tx-dict-sel'
 '-fliberate-case-threshold=2000' '-fno-pre-inlining' '-fvectorise'
 '-funfolding-creation-threshold=750' '-fsimpl-tick-factor=100'
 '-fexpose-all-unfoldings']",fast,0.212,0.212
136,e554f7f9-832e-4e22-bc91-286c29656896,"['-O0' '-fomit-yields' '-fcpr-anal' '-fcmm-elim-common-blocks'
 '-funfolding-use-threshold=60' '-fmax-inline-memcpy-insns=32'
 '-fno-opt-coercion' '-fstatic-argument-transformation' '-fignore-asserts'
 '-fdmd-tx-dict-sel' '-fmax-inline-alloc-size=128' '-fstrictness'
 '-flate-dmd-anal' '-fstrictness-before=1' '-fcall-arity' '-fcse'
 '-foptimal-applicative-do' '-fcase-merge' '-funbox-small-strict-fields']",fast,0.21,0.21
137,0b984df3-bc6d-4834-9838-8e3215140733,"['-O0' '-fliberate-case' '-fsimplifier-phases=2' '-fcall-arity'
 '-fliberate-case' '-fmax-relevant-binds=6' '-fenable-rewrite-rules'
 '-funfolding-dict-discount=30' '-funbox-small-strict-fields'
 '-fignore-interface-pragmas' '-fliberate-case' '-fenable-rewrite-rules'
 '-fmax-worker-args=10' '-fmax-inline-memcpy-insns=32' '-fignore-asserts'
 '-funfolding-keeness-factor=1.5' '-fsimpl-tick-factor=100'
 '-fomit-yields' '-fexcess-precision']",fast,0.211,0.211
138,93b6051f-a365-4693-ad1c-b2bb9e36e20b,"['-O0' '-funfolding-dict-discount=30' '-fliberate-case-threshold=2000'
 '-fmax-inline-memset-insns=32' '-fsimplifier-phases=2'
 '-fexcess-precision' '-fomit-interface-pragmas' '-fspecialise'
 '-fenable-rewrite-rules' '-fregs-graph' '-fliberate-case-threshold=2000'
 '-fomit-interface-pragmas' '-fstrictness' '-fworker-wrapper' '-fcmm-sink'
 '-fexcess-precision' '-fcross-module-specialise'
 '-fmax-simplifier-iterations=4' '-fomit-yields']",fast,0.21,0.21
139,498c5c32-7c6c-4009-bf19-9cb0361b4916,"['-O0' '-funfolding-dict-discount=30' '-flate-dmd-anal' '-fignore-asserts'
 '-fcpr-anal' '-fvectorise' '-fno-pre-inlining' '-fspec-constr' '-fcse'
 '-fcall-arity' '-funfolding-keeness-factor=1.5' '-fdicts-strict'
 '-fomit-yields' '-fcmm-sink' '-fvectorise' '-fmax-relevant-binds=6'
 '-fcall-arity' '-fsimpl-tick-factor=100' '-fcpr-anal']",fast,0.211,0.211
140,7da80e48-08d7-45ac-a820-0638f3829c44,"['-O0' '-fexcess-precision' '-fspecialise' '-fomit-yields'
 '-fenable-rewrite-rules' '-fdmd-tx-dict-sel' '-ffun-to-thunk'
 '-fcmm-elim-common-blocks' '-fcmm-elim-common-blocks'
 '-funbox-strict-fields' '-fcmm-elim-common-blocks' '-fregs-graph'
 '-flate-dmd-anal' '-fcmm-sink' '-fregs-iterative'
 '-fspec-constr-threshold=2000' '-fdo-lambda-eta-expansion' '-fcmm-sink'
 '-funfolding-use-threshold=60']",fast,0.21,0.21
141,d433f877-22fb-4ac7-93af-59fbaa718787,"['-O0' '-fmax-inline-alloc-size=128' '-fno-state-hack'
 '-funfolding-dict-discount=30' '-fliberate-case-threshold=2000'
 '-fomit-yields' '-funfolding-creation-threshold=750'
 '-funbox-strict-fields' '-funbox-strict-fields' '-fomit-yields'
 '-fmax-relevant-binds=6' '-fdmd-tx-dict-sel' '-fcross-module-specialise'
 '-fstrictness' '-fomit-yields' '-funbox-strict-fields' '-fliberate-case'
 '-fdo-lambda-eta-expansion' '-ffun-to-thunk']",fast,0.211,0.211
142,ab508e2c-aee0-4617-9d8d-b635379e6d64,"['-O0' '-fstatic-argument-transformation' '-funfolding-dict-discount=30'
 '-floopification' '-fspec-constr-threshold=2000' '-fmax-relevant-binds=6'
 '-fmax-worker-args=10' '-fregs-graph' '-fmax-inline-alloc-size=128'
 '-fexcess-precision' '-funfolding-keeness-factor=1.5'
 '-fmax-relevant-binds=6' '-fstrictness-before=1'
 '-funfolding-creation-threshold=750' '-fspec-constr-count=3'
 '-fliberate-case-threshold=2000' '-fno-pre-inlining' '-fdicts-strict'
 '-fmax-simplifier-iterations=4']",fast,0.21,0.21
143,af9f151f-9a67-4465-abfe-a13f9fae050d,"['-O0' '-fliberate-case-threshold=2000' '-fmax-relevant-binds=6'
 '-feager-blackholing' '-fregs-iterative' '-funbox-strict-fields'
 '-fexpose-all-unfoldings' '-feager-blackholing' '-feager-blackholing'
 '-fregs-graph' '-fmax-inline-memcpy-insns=32' '-fmax-worker-args=10'
 '-fstrictness' '-fcse' '-fpedantic-bottoms' '-fmax-inline-alloc-size=128'
 '-fsimpl-tick-factor=100' '-funfolding-fun-discount=60'
 '-fexpose-all-unfoldings']",fast,0.212,0.212
144,7a67f694-6c6d-4a91-a44e-1eaf20768398,"['-O0' '-fcmm-elim-common-blocks' '-fstrictness-before=1'
 '-fmax-worker-args=10' '-fcpr-anal' '-funbox-small-strict-fields'
 '-fcpr-anal' '-fdmd-tx-dict-sel' '-fstrictness-before=1'
 '-fmax-inline-memset-insns=32' '-fdmd-tx-dict-sel'
 '-fmax-inline-memcpy-insns=32' '-fno-opt-coercion'
 '-foptimal-applicative-do' '-fspec-constr-count=3' '-floopification'
 '-fcross-module-specialise' '-fmax-inline-alloc-size=128'
 '-fmax-worker-args=10']",fast,0.211,0.211
145,f93286c3-8cd7-4186-8370-f473f317e58c,"['-O0' '-funbox-small-strict-fields' '-fstrictness-before=1'
 '-fcmm-elim-common-blocks' '-fpedantic-bottoms' '-ffun-to-thunk'
 '-fdo-lambda-eta-expansion' '-funbox-small-strict-fields' '-fdicts-cheap'
 '-fvectorise' '-fcmm-elim-common-blocks' '-fsimplifier-phases=2'
 '-fstrictness-before=1' '-ffull-laziness' '-ffun-to-thunk'
 '-fspec-constr-count=3' '-fmax-inline-alloc-size=128'
 '-fexpose-all-unfoldings' '-flate-dmd-anal']",fast,0.215,0.215
146,3b83ec00-2b34-46e0-86f5-22d0b6e78bee,"['-O0' '-fexpose-all-unfoldings' '-fcmm-elim-common-blocks'
 '-funfolding-use-threshold=60' '-ffull-laziness'
 '-funfolding-use-threshold=60' '-fliberate-case'
 '-fmax-inline-alloc-size=128' '-fignore-asserts'
 '-fomit-interface-pragmas' '-fcmm-elim-common-blocks' '-fno-pre-inlining'
 '-fcross-module-specialise' '-floopification' '-fdo-eta-reduction'
 '-fexpose-all-unfoldings' '-fdicts-cheap' '-fmax-inline-memcpy-insns=32'
 '-fcpr-anal']",fast,0.212,0.212
147,46e3b95f-4024-4b58-866f-213e50301381,"['-O0' '-funbox-small-strict-fields' '-fstatic-argument-transformation'
 '-fomit-yields' '-fsimplifier-phases=2' '-fvectorise'
 '-fspec-constr-threshold=2000' '-foptimal-applicative-do'
 '-fno-pre-inlining' '-fomit-yields' '-fdmd-tx-dict-sel'
 '-fexcess-precision' '-fliberate-case-threshold=2000' '-fno-pre-inlining'
 '-fomit-yields' '-flate-dmd-anal' '-fcross-module-specialise'
 '-fstrictness' '-fcse']",fast,0.211,0.211
148,a5be6da6-eb5b-4e97-a569-f55907cbb825,"['-O0' '-fenable-rewrite-rules' '-fspec-constr-count=3'
 '-foptimal-applicative-do' '-fdicts-cheap' '-fomit-interface-pragmas'
 '-flate-dmd-anal' '-funbox-small-strict-fields' '-fsimpl-tick-factor=100'
 '-fdo-eta-reduction' '-fexpose-all-unfoldings' '-fspec-constr-count=3'
 '-fexpose-all-unfoldings' '-feager-blackholing' '-funbox-strict-fields'
 '-fstatic-argument-transformation' '-fvectorise' '-ffloat-in'
 '-fdo-lambda-eta-expansion']",fast,0.213,0.213
149,1e9689b8-0ea5-4332-bdcc-a0117b1a8058,"['-O0' '-fvectorise' '-fmax-inline-alloc-size=128'
 '-fliberate-case-threshold=2000' '-foptimal-applicative-do'
 '-funfolding-creation-threshold=750' '-funbox-small-strict-fields'
 '-ffun-to-thunk' '-fexpose-all-unfoldings' '-funbox-strict-fields'
 '-fspec-constr-count=3' '-ffun-to-thunk' '-fdo-lambda-eta-expansion'
 '-fmax-relevant-binds=6' '-fomit-interface-pragmas'
 '-fmax-relevant-binds=6' '-fworker-wrapper'
 '-fstatic-argument-transformation' '-fdicts-strict']",fast,0.211,0.211
150,9cf97600-a660-495b-b437-a7fb9b97e2e4,"['-O0' '-funfolding-keeness-factor=1.5' '-fno-opt-coercion'
 '-fstrictness-before=1' '-fsimpl-tick-factor=100' '-fregs-graph'
 '-fignore-asserts' '-fdicts-cheap' '-ffun-to-thunk' '-fdmd-tx-dict-sel'
 '-fregs-graph' '-fcmm-elim-common-blocks' '-fmax-relevant-binds=6'
 '-fno-pre-inlining' '-funbox-strict-fields' '-fregs-graph' '-fstrictness'
 '-fspecialise' '-fcase-merge']",fast,0.211,0.211
151,2b938026-77b0-4f8b-9c4d-a2efe26b4694,"['-O0' '-fcall-arity' '-funfolding-keeness-factor=1.5'
 '-fdo-lambda-eta-expansion' '-fno-state-hack' '-fregs-graph'
 '-fsimpl-tick-factor=100' '-fworker-wrapper' '-funbox-strict-fields'
 '-fspec-constr-threshold=2000' '-fmax-inline-memset-insns=32'
 '-funfolding-creation-threshold=750' '-fenable-rewrite-rules'
 '-fspec-constr-count=3' '-fworker-wrapper'
 '-fmax-simplifier-iterations=4' '-fmax-relevant-binds=6'
 '-fdmd-tx-dict-sel' '-fcase-merge']",fast,0.211,0.211
152,7ccaa3d1-5d08-4392-804f-f53117dc4363,"['-O0' '-fliberate-case' '-fcmm-elim-common-blocks' '-fcmm-sink'
 '-fomit-yields' '-fexpose-all-unfoldings' '-fcse'
 '-funfolding-fun-discount=60' '-fdmd-tx-dict-sel' '-fdo-eta-reduction'
 '-fmax-inline-alloc-size=128' '-fomit-interface-pragmas' '-fdicts-cheap'
 '-fvectorise' '-fexpose-all-unfoldings' '-fsimplifier-phases=2'
 '-fliberate-case' '-fmax-inline-memcpy-insns=32' '-fignore-asserts']",fast,0.211,0.211
153,da85714b-4020-462a-b5ed-063eb3d837ea,"['-O0' '-fno-pre-inlining' '-fdo-eta-reduction' '-fomit-interface-pragmas'
 '-fmax-inline-memcpy-insns=32' '-fno-pre-inlining' '-fcall-arity'
 '-fno-opt-coercion' '-fno-pre-inlining' '-fcse' '-fsimpl-tick-factor=100'
 '-fpedantic-bottoms' '-fliberate-case' '-fno-opt-coercion'
 '-fcross-module-specialise' '-fstrictness' '-fomit-yields' '-fstrictness'
 '-fliberate-case-threshold=2000']",fast,0.21,0.21
154,c03152e5-22a4-4eac-add2-eb1b084c8b21,"['-O0' '-funfolding-keeness-factor=1.5' '-fmax-inline-alloc-size=128'
 '-funbox-strict-fields' '-fignore-interface-pragmas' '-fcpr-anal'
 '-fregs-graph' '-fdo-eta-reduction' '-fdicts-cheap' '-fomit-yields'
 '-fliberate-case-threshold=2000' '-fmax-inline-memset-insns=32'
 '-fvectorise' '-ffun-to-thunk' '-ffun-to-thunk' '-feager-blackholing'
 '-fcmm-elim-common-blocks' '-fsimpl-tick-factor=100' '-fexcess-precision']",fast,0.211,0.211
155,4274ed0c-7319-4584-a0ad-dc980541e56d,"['-O0' '-funfolding-keeness-factor=1.5' '-funfolding-dict-discount=30'
 '-fcse' '-funfolding-dict-discount=30' '-fmax-relevant-binds=6'
 '-fexpose-all-unfoldings' '-funfolding-dict-discount=30' '-fdicts-strict'
 '-fspec-constr-count=3' '-fdo-eta-reduction' '-fcross-module-specialise'
 '-fcse' '-fspec-constr' '-fignore-interface-pragmas' '-fregs-graph'
 '-fomit-yields' '-fignore-asserts' '-fcse']",fast,0.211,0.211
156,45d0a47e-439d-4fbf-8918-0288675c4cf2,"['-O0' '-fspecialise' '-flate-dmd-anal' '-feager-blackholing'
 '-fdo-lambda-eta-expansion' '-fmax-simplifier-iterations=4'
 '-flate-dmd-anal' '-fliberate-case-threshold=2000'
 '-fomit-interface-pragmas' '-fregs-graph'
 '-fliberate-case-threshold=2000' '-fstrictness-before=1'
 '-fvectorisation-avoidance' '-funfolding-keeness-factor=1.5'
 '-fno-pre-inlining' '-funfolding-keeness-factor=1.5'
 '-fstatic-argument-transformation' '-funbox-small-strict-fields'
 '-fdo-lambda-eta-expansion']",fast,0.211,0.211
157,93e41ec5-177b-4a8d-83a8-4855c23e2fd8,"['-O0' '-ffun-to-thunk' '-fignore-asserts' '-fspecialise' '-fspec-constr'
 '-funfolding-use-threshold=60' '-fexcess-precision' '-fignore-asserts'
 '-fvectorisation-avoidance' '-funfolding-keeness-factor=1.5'
 '-fno-state-hack' '-fcross-module-specialise' '-fpedantic-bottoms'
 '-fmax-inline-alloc-size=128' '-fmax-simplifier-iterations=4'
 '-funfolding-creation-threshold=750' '-fmax-simplifier-iterations=4'
 '-fsimplifier-phases=2' '-fspecialise']",fast,0.212,0.212
158,87b87bf7-5990-4454-ab58-0e02d3380454,"['-O0' '-fpedantic-bottoms' '-funfolding-dict-discount=30'
 '-fspec-constr-threshold=2000' '-funfolding-use-threshold=60'
 '-fexpose-all-unfoldings' '-funfolding-use-threshold=60'
 '-foptimal-applicative-do' '-flate-dmd-anal' '-foptimal-applicative-do'
 '-fstatic-argument-transformation' '-fpedantic-bottoms' '-fspec-constr'
 '-fliberate-case-threshold=2000' '-fexpose-all-unfoldings'
 '-flate-dmd-anal' '-fspec-constr-threshold=2000'
 '-fspec-constr-threshold=2000' '-fstrictness-before=1']",fast,0.211,0.211
159,f66a5198-38a7-4d0b-8231-cf146fbd7ccb,"['-O0' '-fmax-inline-memset-insns=32' '-funfolding-use-threshold=60'
 '-fomit-interface-pragmas' '-fmax-inline-memset-insns=32'
 '-fpedantic-bottoms' '-fmax-inline-memcpy-insns=32'
 '-fsimpl-tick-factor=100' '-funfolding-use-threshold=60' '-fcpr-anal'
 '-fliberate-case-threshold=2000' '-funbox-strict-fields'
 '-fmax-inline-alloc-size=128' '-funbox-small-strict-fields'
 '-fmax-inline-alloc-size=128' '-fignore-interface-pragmas'
 '-fsimpl-tick-factor=100' '-fsimpl-tick-factor=100' '-fstrictness']",fast,0.211,0.211
160,fbed11f4-4689-4fc2-806d-55867312b12e,"['-O0' '-fsimplifier-phases=2' '-fmax-simplifier-iterations=4'
 '-fvectorisation-avoidance' '-fdicts-strict' '-funbox-strict-fields'
 '-fmax-inline-memcpy-insns=32' '-ffun-to-thunk'
 '-fcmm-elim-common-blocks' '-fomit-interface-pragmas'
 '-fmax-simplifier-iterations=4' '-fspec-constr' '-fstrictness'
 '-fno-pre-inlining' '-fexpose-all-unfoldings' '-funbox-strict-fields'
 '-fexcess-precision' '-fliberate-case-threshold=2000'
 '-fcmm-elim-common-blocks']",fast,0.211,0.211
161,4bd06d59-e193-4ac3-93a0-f0b9483d7078,"['-O0' '-fcpr-anal' '-fpedantic-bottoms' '-fstrictness-before=1'
 '-fliberate-case' '-funfolding-fun-discount=60'
 '-funfolding-dict-discount=30' '-fcmm-elim-common-blocks'
 '-funfolding-use-threshold=60' '-fno-opt-coercion'
 '-fspec-constr-count=3' '-funbox-strict-fields' '-fmax-relevant-binds=6'
 '-fdo-lambda-eta-expansion' '-fspec-constr-threshold=2000' '-fcpr-anal'
 '-fcall-arity' '-fstrictness' '-fignore-asserts']",fast,0.211,0.211
162,2b0f6a6e-52f0-447e-9712-c3c5d0f33ee6,"['-O0' '-funbox-small-strict-fields' '-fspecialise' '-floopification'
 '-fspec-constr-threshold=2000' '-fmax-worker-args=10'
 '-fspec-constr-threshold=2000' '-fpedantic-bottoms' '-fno-opt-coercion'
 '-fliberate-case' '-fdmd-tx-dict-sel' '-fcpr-anal'
 '-funfolding-creation-threshold=750' '-fvectorise'
 '-fmax-inline-memset-insns=32' '-fvectorisation-avoidance'
 '-fmax-worker-args=10' '-fliberate-case' '-fstrictness']",fast,0.212,0.212
163,0aa108fe-518d-4f7a-b7b7-c08dbfa22e23,"['-O0' '-funbox-small-strict-fields' '-fspec-constr'
 '-fenable-rewrite-rules' '-fcmm-sink' '-flate-dmd-anal'
 '-fexpose-all-unfoldings' '-fcase-merge' '-fno-pre-inlining' '-fcse'
 '-fmax-inline-memcpy-insns=32' '-fregs-iterative'
 '-fliberate-case-threshold=2000' '-funfolding-keeness-factor=1.5'
 '-funfolding-fun-discount=60' '-fmax-relevant-binds=6' '-fdicts-cheap'
 '-flate-dmd-anal' '-funfolding-keeness-factor=1.5']",fast,0.211,0.211
164,da301aa5-5dd7-4f67-ad28-cd60fc83c78d,"['-O0' '-fcall-arity' '-fexcess-precision'
 '-fliberate-case-threshold=2000' '-floopification' '-fdmd-tx-dict-sel'
 '-funbox-small-strict-fields' '-fno-opt-coercion'
 '-fmax-relevant-binds=6' '-fcmm-elim-common-blocks'
 '-fomit-interface-pragmas' '-fsimpl-tick-factor=100' '-ffloat-in'
 '-funfolding-use-threshold=60' '-fno-opt-coercion' '-fvectorise'
 '-funfolding-keeness-factor=1.5' '-fstatic-argument-transformation'
 '-ffull-laziness']",fast,0.212,0.212
165,c160f3e7-febc-41b5-9d1a-bfccf1f811e8,"['-O0' '-funfolding-fun-discount=60' '-fcmm-elim-common-blocks'
 '-fcpr-anal' '-ffun-to-thunk' '-funfolding-creation-threshold=750'
 '-fno-state-hack' '-fdicts-cheap' '-fstatic-argument-transformation'
 '-fregs-iterative' '-feager-blackholing' '-fspec-constr' '-fstrictness'
 '-feager-blackholing' '-fignore-interface-pragmas' '-fexcess-precision'
 '-fregs-iterative' '-fmax-inline-memset-insns=32' '-fno-state-hack']",fast,0.211,0.211
166,96e550ca-953a-45c0-a83f-d3364d7cc43e,"['-O0' '-floopification' '-fenable-rewrite-rules' '-fenable-rewrite-rules'
 '-fdicts-strict' '-fliberate-case-threshold=2000' '-fmax-worker-args=10'
 '-fexcess-precision' '-fomit-interface-pragmas' '-fno-pre-inlining'
 '-fvectorise' '-fenable-rewrite-rules' '-fsimplifier-phases=2'
 '-fvectorise' '-fignore-asserts' '-fmax-inline-memcpy-insns=32'
 '-fno-state-hack' '-foptimal-applicative-do' '-fregs-iterative']",fast,0.213,0.213
167,c883ad34-bad9-4cce-8ecb-5286dc8486ba,"['-O0' '-funbox-small-strict-fields' '-fcmm-sink'
 '-funfolding-creation-threshold=750' '-fdo-lambda-eta-expansion'
 '-fomit-yields' '-fmax-inline-memcpy-insns=32' '-fdicts-cheap'
 '-fstrictness' '-funfolding-use-threshold=60' '-ffloat-in'
 '-fmax-worker-args=10' '-fmax-relevant-binds=6'
 '-foptimal-applicative-do' '-fcase-merge' '-fcmm-elim-common-blocks'
 '-funbox-strict-fields' '-funfolding-fun-discount=60'
 '-funfolding-dict-discount=30']",fast,0.213,0.213
168,421a95b4-9200-4068-ae55-084f2d125e8c,"['-O0' '-fcpr-anal' '-fvectorisation-avoidance' '-fspec-constr'
 '-fmax-inline-memset-insns=32' '-fmax-worker-args=10'
 '-fcross-module-specialise' '-floopification'
 '-funfolding-fun-discount=60' '-fsimplifier-phases=2'
 '-funfolding-creation-threshold=750' '-fvectorise'
 '-fmax-inline-alloc-size=128' '-fdo-lambda-eta-expansion'
 '-funbox-small-strict-fields' '-funfolding-creation-threshold=750'
 '-fdicts-strict' '-fspec-constr-threshold=2000'
 '-funfolding-keeness-factor=1.5']",fast,0.213,0.213
169,bd743c87-faf2-43c2-9cf5-b10ec699b71c,"['-O0' '-fliberate-case-threshold=2000' '-fexcess-precision'
 '-fno-pre-inlining' '-fcase-merge' '-fexcess-precision'
 '-fcross-module-specialise' '-ffun-to-thunk'
 '-fspec-constr-threshold=2000' '-ffloat-in' '-ffull-laziness'
 '-fregs-iterative' '-fcmm-sink' '-fexpose-all-unfoldings' '-fregs-graph'
 '-floopification' '-fcse' '-fspecialise' '-fspec-constr-threshold=2000']",fast,0.21,0.21
170,354c3383-d35a-4a99-9a67-f4a4c5a335c2,"['-O0' '-funfolding-use-threshold=60' '-foptimal-applicative-do'
 '-ffun-to-thunk' '-fspecialise' '-fomit-yields' '-fmax-worker-args=10'
 '-fmax-relevant-binds=6' '-fmax-inline-memcpy-insns=32' '-ffloat-in'
 '-fworker-wrapper' '-fdo-eta-reduction' '-fsimplifier-phases=2'
 '-funbox-small-strict-fields' '-fdicts-cheap' '-fspecialise' '-fcpr-anal'
 '-fworker-wrapper' '-fspec-constr']",fast,0.211,0.211
171,38ba7ac5-6d0e-4f00-a958-e09b90ea5e91,"['-O0' '-foptimal-applicative-do' '-fpedantic-bottoms'
 '-fmax-worker-args=10' '-fspecialise' '-fstatic-argument-transformation'
 '-funbox-small-strict-fields' '-fstatic-argument-transformation'
 '-funfolding-dict-discount=30' '-fmax-worker-args=10' '-fno-pre-inlining'
 '-fstrictness' '-fmax-inline-memset-insns=32' '-fregs-iterative'
 '-fmax-relevant-binds=6' '-fmax-inline-alloc-size=128' '-fomit-yields'
 '-feager-blackholing' '-fdo-eta-reduction']",fast,0.212,0.212
172,1e383bc4-a670-4202-ab8d-8f5decfe301e,"['-O0' '-fregs-iterative' '-fignore-asserts' '-foptimal-applicative-do'
 '-fregs-graph' '-fignore-interface-pragmas' '-fdo-lambda-eta-expansion'
 '-fexpose-all-unfoldings' '-fspec-constr-count=3' '-fno-opt-coercion'
 '-fno-state-hack' '-fspec-constr' '-fomit-yields' '-fdicts-cheap' '-fcse'
 '-fmax-inline-memset-insns=32' '-fstrictness-before=1'
 '-fno-pre-inlining' '-fspec-constr']",fast,0.216,0.216
173,d018e836-4ac7-4ff5-ac78-9b5a9bceb7e2,"['-O0' '-fcross-module-specialise' '-fexcess-precision'
 '-funbox-small-strict-fields' '-fregs-iterative' '-ffloat-in'
 '-fmax-relevant-binds=6' '-fexcess-precision' '-foptimal-applicative-do'
 '-fvectorise' '-fspecialise' '-funfolding-use-threshold=60'
 '-fcross-module-specialise' '-fdmd-tx-dict-sel' '-fdo-eta-reduction'
 '-funfolding-fun-discount=60' '-fspecialise' '-fdo-lambda-eta-expansion'
 '-fmax-inline-alloc-size=128']",fast,0.214,0.214
174,0156ce50-69b6-4b29-8513-da1e9ac3ea0e,"['-O0' '-fdicts-cheap' '-fregs-graph' '-fspec-constr-threshold=2000'
 '-fdo-lambda-eta-expansion' '-fdicts-cheap' '-fexcess-precision'
 '-fliberate-case' '-fspec-constr-threshold=2000' '-fworker-wrapper'
 '-fregs-graph' '-funfolding-use-threshold=60' '-fregs-iterative'
 '-fregs-graph' '-fomit-yields' '-fsimpl-tick-factor=100' '-fspecialise'
 '-funfolding-keeness-factor=1.5' '-fmax-worker-args=10']",fast,0.213,0.213
175,29ebca27-ebac-42f6-81a6-8a63cbd8a7b2,"['-O0' '-fignore-asserts' '-fomit-interface-pragmas'
 '-fmax-relevant-binds=6' '-fstatic-argument-transformation'
 '-fexpose-all-unfoldings' '-fomit-interface-pragmas' '-fcall-arity'
 '-fspecialise' '-fmax-inline-memcpy-insns=32' '-fdo-eta-reduction'
 '-fpedantic-bottoms' '-funfolding-fun-discount=60'
 '-fmax-inline-memcpy-insns=32' '-funbox-small-strict-fields'
 '-fdo-lambda-eta-expansion' '-feager-blackholing' '-fcase-merge' '-fcse']",fast,0.213,0.213
176,7334f553-8571-4ca1-9118-0a1dfe854a06,"['-O0' '-fexcess-precision' '-fmax-inline-memset-insns=32' '-fcase-merge'
 '-funbox-strict-fields' '-fdo-lambda-eta-expansion'
 '-fsimplifier-phases=2' '-fmax-inline-alloc-size=128'
 '-fspec-constr-count=3' '-fomit-interface-pragmas'
 '-funfolding-dict-discount=30' '-fcase-merge' '-ffloat-in'
 '-fmax-relevant-binds=6' '-funfolding-fun-discount=60'
 '-funfolding-use-threshold=60' '-funfolding-keeness-factor=1.5'
 '-fcmm-sink' '-fdicts-cheap']",fast,0.211,0.211
177,9b1a4b75-7574-4532-b9f3-7b1d03e39e76,"['-O0' '-fdicts-strict' '-fmax-inline-alloc-size=128' '-fdo-eta-reduction'
 '-fcpr-anal' '-feager-blackholing' '-fno-opt-coercion' '-floopification'
 '-fliberate-case-threshold=2000' '-fmax-relevant-binds=6' '-fcse'
 '-fcall-arity' '-fspec-constr' '-fmax-inline-memcpy-insns=32'
 '-funfolding-dict-discount=30' '-funbox-small-strict-fields'
 '-fmax-inline-memcpy-insns=32' '-fenable-rewrite-rules'
 '-fomit-interface-pragmas']",fast,0.211,0.211
178,e60ca28d-f96a-4843-9896-b19e7ff9b72d,"['-O0' '-fregs-graph' '-fmax-relevant-binds=6' '-fdo-lambda-eta-expansion'
 '-fcross-module-specialise' '-floopification' '-fcmm-elim-common-blocks'
 '-fsimpl-tick-factor=100' '-fregs-graph' '-fvectorisation-avoidance'
 '-fmax-worker-args=10' '-foptimal-applicative-do' '-fcall-arity'
 '-fstrictness-before=1' '-feager-blackholing' '-fcall-arity'
 '-ffull-laziness' '-fdmd-tx-dict-sel' '-fsimplifier-phases=2']",fast,0.211,0.211
179,76c8f13c-48f9-49a3-9242-7b43bfac5ec8,"['-O0' '-fcpr-anal' '-fdo-lambda-eta-expansion'
 '-funbox-small-strict-fields' '-feager-blackholing' '-fstrictness'
 '-ffun-to-thunk' '-fmax-inline-memcpy-insns=32' '-fomit-yields'
 '-fdo-lambda-eta-expansion' '-fdo-eta-reduction' '-fregs-iterative'
 '-fpedantic-bottoms' '-fvectorise' '-fcross-module-specialise'
 '-fignore-interface-pragmas' '-fmax-inline-memset-insns=32'
 '-funfolding-creation-threshold=750' '-fdicts-strict']",fast,0.213,0.213
180,6946be2a-76a7-40fb-8dd4-9af713869cfd,"['-O0' '-fdo-eta-reduction' '-fmax-relevant-binds=6' '-fcase-merge'
 '-fspec-constr' '-fsimplifier-phases=2' '-fdmd-tx-dict-sel'
 '-fstrictness-before=1' '-fcall-arity' '-fpedantic-bottoms'
 '-feager-blackholing' '-flate-dmd-anal' '-fno-opt-coercion'
 '-fmax-worker-args=10' '-fcpr-anal' '-fvectorisation-avoidance'
 '-fcall-arity' '-funfolding-creation-threshold=750' '-ffun-to-thunk']",fast,0.211,0.211
181,1cca4c79-4d27-485b-994a-1dc5d590f24e,"['-O0' '-fspecialise' '-fenable-rewrite-rules'
 '-fspec-constr-threshold=2000' '-fmax-worker-args=10'
 '-funbox-strict-fields' '-fexcess-precision'
 '-funbox-small-strict-fields' '-fignore-asserts' '-fstrictness-before=1'
 '-fcross-module-specialise' '-fomit-interface-pragmas'
 '-fsimpl-tick-factor=100' '-fdo-eta-reduction' '-fignore-asserts'
 '-fsimpl-tick-factor=100' '-fomit-interface-pragmas'
 '-fmax-worker-args=10' '-funfolding-keeness-factor=1.5']",fast,0.211,0.211
182,e4a12ab8-6cb8-4b6e-a0a9-627e3399dc97,"['-O0' '-fdicts-strict' '-fliberate-case-threshold=2000'
 '-funfolding-keeness-factor=1.5' '-fliberate-case' '-fdicts-cheap'
 '-fdo-eta-reduction' '-fomit-yields' '-funbox-small-strict-fields'
 '-fcse' '-fmax-worker-args=10' '-fcse' '-fdicts-cheap'
 '-fspec-constr-count=3' '-flate-dmd-anal' '-fdo-lambda-eta-expansion'
 '-fspec-constr' '-fcase-merge' '-fcall-arity']",fast,0.212,0.212
183,7f1e477f-61ba-48ee-87bd-495fe2bd3c34,"['-O0' '-ffun-to-thunk' '-fignore-asserts' '-fspec-constr-count=3'
 '-fno-pre-inlining' '-fignore-asserts' '-fcase-merge' '-fno-opt-coercion'
 '-fno-state-hack' '-fmax-worker-args=10' '-fmax-relevant-binds=6'
 '-fmax-inline-memset-insns=32' '-fspecialise'
 '-fmax-inline-alloc-size=128' '-fomit-interface-pragmas'
 '-floopification' '-fdicts-strict' '-funfolding-creation-threshold=750'
 '-fworker-wrapper']",fast,0.212,0.212
184,7753284f-54d8-40cd-a921-72fbfd9b2ab0,"['-O0' '-flate-dmd-anal' '-fsimplifier-phases=2' '-fstrictness-before=1'
 '-fstrictness-before=1' '-fignore-interface-pragmas'
 '-fomit-interface-pragmas' '-fcase-merge' '-fmax-worker-args=10'
 '-fsimpl-tick-factor=100' '-fvectorise' '-fsimpl-tick-factor=100'
 '-fcmm-sink' '-fregs-iterative' '-fcmm-sink' '-fpedantic-bottoms'
 '-ffun-to-thunk' '-fcross-module-specialise' '-fdo-eta-reduction']",fast,0.211,0.211
185,4df81797-a96f-4796-b870-5e041b17c1a8,"['-O0' '-fdmd-tx-dict-sel' '-fspecialise' '-floopification'
 '-fliberate-case-threshold=2000' '-fregs-iterative'
 '-funbox-strict-fields' '-fspec-constr' '-fdo-eta-reduction' '-ffloat-in'
 '-fexpose-all-unfoldings' '-fworker-wrapper' '-floopification'
 '-fregs-iterative' '-fpedantic-bottoms' '-fliberate-case-threshold=2000'
 '-funfolding-keeness-factor=1.5' '-fignore-asserts'
 '-funfolding-fun-discount=60']",fast,0.212,0.212
186,09f3419c-467d-4bba-ba8c-52da0d61cb90,"['-O0' '-fstatic-argument-transformation' '-flate-dmd-anal'
 '-fcross-module-specialise' '-fliberate-case-threshold=2000'
 '-fspec-constr-count=3' '-flate-dmd-anal' '-funfolding-fun-discount=60'
 '-fsimpl-tick-factor=100' '-fomit-interface-pragmas'
 '-fstrictness-before=1' '-fmax-relevant-binds=6' '-fcmm-sink'
 '-fno-pre-inlining' '-fsimpl-tick-factor=100' '-fsimplifier-phases=2'
 '-fignore-interface-pragmas' '-fspec-constr-threshold=2000'
 '-fmax-inline-memcpy-insns=32']",fast,0.213,0.213
187,ae52677a-fc9d-4ac0-85a3-896662fcc879,"['-O0' '-fliberate-case-threshold=2000' '-fmax-relevant-binds=6'
 '-fexcess-precision' '-fmax-inline-memcpy-insns=32'
 '-fenable-rewrite-rules' '-feager-blackholing' '-fcall-arity'
 '-fregs-iterative' '-fomit-interface-pragmas'
 '-funfolding-dict-discount=30' '-fdicts-cheap' '-fcmm-elim-common-blocks'
 '-fliberate-case' '-funbox-strict-fields' '-fregs-graph' '-fcse'
 '-fno-state-hack' '-fcse']",fast,0.212,0.212
188,41917258-76c7-48f0-9e43-8b2ca4cda91c,"['-O0' '-funfolding-keeness-factor=1.5' '-funbox-strict-fields'
 '-fexpose-all-unfoldings' '-ffun-to-thunk' '-fspec-constr-count=3'
 '-fcmm-sink' '-fspecialise' '-fmax-simplifier-iterations=4'
 '-fpedantic-bottoms' '-funfolding-creation-threshold=750' '-fcmm-sink'
 '-funfolding-creation-threshold=750' '-fcpr-anal' '-floopification'
 '-floopification' '-fspec-constr-count=3' '-foptimal-applicative-do'
 '-fmax-inline-memset-insns=32']",fast,0.214,0.214
189,5a7a2295-8e01-4b05-b903-fc769e03c821,"['-O0' '-fmax-simplifier-iterations=4' '-fmax-worker-args=10'
 '-funfolding-dict-discount=30' '-fliberate-case-threshold=2000'
 '-fregs-graph' '-ffloat-in' '-fno-pre-inlining'
 '-fomit-interface-pragmas' '-fno-state-hack'
 '-fmax-simplifier-iterations=4' '-funfolding-use-threshold=60'
 '-fspec-constr-count=3' '-fno-state-hack'
 '-funfolding-creation-threshold=750' '-funfolding-keeness-factor=1.5'
 '-fspec-constr-count=3' '-fvectorise' '-fmax-inline-memset-insns=32']",fast,0.213,0.213
190,49d16fd7-9c5d-4e32-aab4-5b5551125aa1,"['-O0' '-fstatic-argument-transformation' '-fcall-arity' '-fspecialise'
 '-fsimplifier-phases=2' '-funfolding-use-threshold=60'
 '-fspec-constr-threshold=2000' '-funbox-small-strict-fields'
 '-fdo-lambda-eta-expansion' '-fmax-inline-memcpy-insns=32'
 '-fomit-interface-pragmas' '-fdicts-strict' '-fno-opt-coercion'
 '-ffun-to-thunk' '-fcross-module-specialise'
 '-fmax-simplifier-iterations=4' '-fspec-constr-count=3'
 '-fenable-rewrite-rules' '-fexpose-all-unfoldings']",fast,0.211,0.211
191,e0ceba98-f286-43fb-a1cf-c10ac9408570,"['-O0' '-fcmm-elim-common-blocks' '-fignore-asserts' '-flate-dmd-anal'
 '-feager-blackholing' '-fcall-arity' '-fspec-constr-threshold=2000'
 '-fenable-rewrite-rules' '-fliberate-case' '-floopification'
 '-fcase-merge' '-fstatic-argument-transformation' '-fliberate-case'
 '-fvectorise' '-fregs-iterative' '-feager-blackholing' '-floopification'
 '-funbox-strict-fields' '-fspec-constr-count=3']",fast,0.211,0.211
192,bc2e77a7-a72b-4d93-9be7-494e2153462c,"['-O0' '-fno-state-hack' '-fstatic-argument-transformation'
 '-funbox-small-strict-fields' '-fcse' '-fmax-inline-memcpy-insns=32'
 '-funfolding-keeness-factor=1.5' '-funfolding-use-threshold=60'
 '-fno-state-hack' '-fdicts-strict' '-fvectorisation-avoidance'
 '-funfolding-creation-threshold=750' '-fomit-interface-pragmas'
 '-fno-state-hack' '-fexcess-precision' '-fignore-asserts'
 '-fcross-module-specialise' '-fstatic-argument-transformation'
 '-fvectorisation-avoidance']",fast,0.212,0.212
193,6c9e8a0c-f13d-41d5-a577-4aeb330b2ada,"['-O0' '-fcse' '-fliberate-case' '-fdmd-tx-dict-sel'
 '-funbox-small-strict-fields' '-fstatic-argument-transformation'
 '-fspecialise' '-fmax-simplifier-iterations=4'
 '-fdo-lambda-eta-expansion' '-fenable-rewrite-rules' '-fomit-yields'
 '-fregs-graph' '-fno-pre-inlining' '-fmax-simplifier-iterations=4'
 '-fcmm-sink' '-fcmm-elim-common-blocks' '-fignore-interface-pragmas'
 '-fworker-wrapper' '-fno-pre-inlining']",fast,0.212,0.212
194,bd7b3cd6-0a1c-4980-8cef-af31ff1b2135,"['-O0' '-fmax-simplifier-iterations=4' '-fregs-graph' '-ffloat-in'
 '-fignore-interface-pragmas' '-fspec-constr-threshold=2000'
 '-fignore-asserts' '-fstatic-argument-transformation'
 '-fcmm-elim-common-blocks' '-fdmd-tx-dict-sel' '-floopification'
 '-fcross-module-specialise' '-fspec-constr-count=3'
 '-fliberate-case-threshold=2000' '-fliberate-case'
 '-funfolding-keeness-factor=1.5' '-fno-pre-inlining'
 '-fmax-simplifier-iterations=4' '-floopification']",fast,0.212,0.212
195,fee3dbc0-e4ea-45e7-a449-53ef58602433,"['-O0' '-funbox-small-strict-fields' '-fcase-merge' '-fliberate-case'
 '-fdo-eta-reduction' '-flate-dmd-anal' '-fcmm-elim-common-blocks' '-fcse'
 '-fno-state-hack' '-fregs-graph' '-fignore-interface-pragmas'
 '-fcpr-anal' '-foptimal-applicative-do' '-fcmm-sink'
 '-foptimal-applicative-do' '-fcross-module-specialise'
 '-fmax-inline-memcpy-insns=32' '-fmax-inline-alloc-size=128'
 '-funbox-strict-fields']",fast,0.213,0.213
196,785d354c-3856-47d9-a6c5-821e9dc3e709,"['-O0' '-fcpr-anal' '-fomit-interface-pragmas' '-fvectorise'
 '-fcase-merge' '-fomit-interface-pragmas' '-ffloat-in'
 '-fsimplifier-phases=2' '-fcase-merge' '-floopification' '-fcall-arity'
 '-fomit-interface-pragmas' '-ffull-laziness' '-flate-dmd-anal'
 '-fomit-interface-pragmas' '-ffull-laziness' '-fdo-lambda-eta-expansion'
 '-fcross-module-specialise' '-funbox-small-strict-fields']",fast,0.213,0.213
197,16ce2915-dedc-4630-8e93-fe9a0185d0af,"['-O0' '-feager-blackholing' '-fcase-merge' '-floopification'
 '-fvectorise' '-ffun-to-thunk' '-fstatic-argument-transformation'
 '-fignore-interface-pragmas' '-fsimpl-tick-factor=100'
 '-fmax-inline-memset-insns=32' '-floopification' '-fspec-constr-count=3'
 '-funfolding-creation-threshold=750' '-fdo-lambda-eta-expansion'
 '-fsimpl-tick-factor=100' '-fmax-inline-memcpy-insns=32' '-fvectorise'
 '-fworker-wrapper' '-fmax-relevant-binds=6']",fast,0.214,0.214
198,cd017b3f-c388-44fb-a36a-46e37cde1838,"['-O0' '-floopification' '-fspec-constr' '-funbox-small-strict-fields'
 '-fstrictness-before=1' '-fstatic-argument-transformation'
 '-fspec-constr-count=3' '-fcpr-anal' '-fmax-inline-memcpy-insns=32'
 '-fmax-inline-memset-insns=32' '-fdicts-strict' '-fno-pre-inlining'
 '-funfolding-creation-threshold=750' '-fmax-inline-memset-insns=32'
 '-fomit-interface-pragmas' '-fpedantic-bottoms' '-fcpr-anal'
 '-fno-pre-inlining' '-funfolding-fun-discount=60']",fast,0.212,0.212
199,04c6e549-6b42-448f-ab37-4fec2a412184,"['-O0' '-fmax-inline-memset-insns=32' '-funfolding-use-threshold=60'
 '-fstatic-argument-transformation' '-fsimplifier-phases=2'
 '-fno-state-hack' '-fsimplifier-phases=2' '-fvectorise'
 '-fsimplifier-phases=2' '-fliberate-case' '-fspec-constr-threshold=2000'
 '-fpedantic-bottoms' '-fworker-wrapper'
 '-fstatic-argument-transformation' '-foptimal-applicative-do'
 '-fenable-rewrite-rules' '-foptimal-applicative-do' '-fliberate-case'
 '-feager-blackholing']",fast,0.212,0.212
200,b7aef9c8-725e-4572-b45f-dc94dc8d707c,"['-O0' '-funfolding-fun-discount=60' '-fexcess-precision'
 '-fliberate-case-threshold=2000' '-fdo-eta-reduction' '-ffun-to-thunk'
 '-fignore-interface-pragmas' '-fworker-wrapper'
 '-fstatic-argument-transformation' '-ffull-laziness' '-fno-opt-coercion'
 '-fsimpl-tick-factor=100' '-fdicts-strict' '-fno-opt-coercion'
 '-fvectorisation-avoidance' '-fcmm-elim-common-blocks'
 '-fmax-worker-args=10' '-fno-pre-inlining' '-fspec-constr']",fast,0.212,0.212
201,d6aab8e3-6a38-4a79-b067-9a3152a08c33,"['-O0' '-fno-pre-inlining' '-fmax-simplifier-iterations=4'
 '-fignore-asserts' '-fmax-inline-alloc-size=128'
 '-fcross-module-specialise' '-fstrictness-before=1'
 '-funfolding-use-threshold=60' '-fsimpl-tick-factor=100'
 '-funbox-strict-fields' '-fcmm-sink' '-foptimal-applicative-do'
 '-fdo-lambda-eta-expansion' '-funfolding-keeness-factor=1.5' '-fcpr-anal'
 '-funbox-strict-fields' '-fspec-constr-threshold=2000'
 '-fstatic-argument-transformation' '-fno-pre-inlining']",fast,0.211,0.211
202,890b0f52-e813-43f9-958f-af5da5b130d6,"['-O0' '-fstrictness-before=1' '-fspecialise' '-fvectorisation-avoidance'
 '-fdicts-cheap' '-fmax-inline-memcpy-insns=32' '-fdmd-tx-dict-sel'
 '-fliberate-case-threshold=2000' '-fcmm-elim-common-blocks'
 '-funfolding-fun-discount=60' '-funbox-strict-fields'
 '-fenable-rewrite-rules' '-ffun-to-thunk' '-fcross-module-specialise'
 '-fcse' '-fregs-iterative' '-ffloat-in' '-fdmd-tx-dict-sel'
 '-funfolding-use-threshold=60']",fast,0.211,0.211
203,56cdcf45-b828-4039-a88b-099f4a39d162,"['-O0' '-funbox-strict-fields' '-fcmm-elim-common-blocks' '-fdicts-strict'
 '-fmax-worker-args=10' '-fmax-relevant-binds=6'
 '-fmax-inline-memset-insns=32' '-fexpose-all-unfoldings' '-fcase-merge'
 '-funfolding-fun-discount=60' '-fdmd-tx-dict-sel'
 '-fcmm-elim-common-blocks' '-fmax-simplifier-iterations=4'
 '-floopification' '-funfolding-dict-discount=30'
 '-funfolding-keeness-factor=1.5' '-fcmm-elim-common-blocks'
 '-fcall-arity' '-fvectorise']",fast,0.212,0.212
204,9f660faf-318b-4f08-9941-8d9235ddaa09,"['-O0' '-funbox-small-strict-fields' '-fstatic-argument-transformation'
 '-fcall-arity' '-fregs-iterative' '-feager-blackholing'
 '-fignore-asserts' '-fdo-lambda-eta-expansion' '-fomit-yields'
 '-fstrictness-before=1' '-fcpr-anal' '-fignore-interface-pragmas'
 '-funfolding-dict-discount=30' '-fliberate-case'
 '-foptimal-applicative-do' '-floopification' '-fcmm-sink' '-fspecialise'
 '-fsimpl-tick-factor=100']",fast,0.212,0.212
205,f365c945-7c64-4016-9e51-c813afa7183e,"['-O0' '-funfolding-use-threshold=60' '-fstatic-argument-transformation'
 '-fdicts-strict' '-fspec-constr-threshold=2000' '-fdicts-cheap'
 '-funfolding-fun-discount=60' '-fworker-wrapper' '-funbox-strict-fields'
 '-funbox-strict-fields' '-funfolding-use-threshold=60'
 '-fspec-constr-threshold=2000' '-fmax-inline-memcpy-insns=32' '-fcse'
 '-fcross-module-specialise' '-flate-dmd-anal'
 '-fmax-inline-memset-insns=32' '-flate-dmd-anal'
 '-fdo-lambda-eta-expansion']",fast,0.212,0.212
206,e2bab13d-c994-456c-ad3a-5937be49470d,"['-O0' '-feager-blackholing' '-fcall-arity' '-fstrictness-before=1'
 '-fcpr-anal' '-fregs-graph' '-fignore-interface-pragmas'
 '-funbox-strict-fields' '-funfolding-fun-discount=60'
 '-fignore-interface-pragmas' '-fmax-simplifier-iterations=4'
 '-foptimal-applicative-do' '-fmax-inline-memset-insns=32'
 '-fcross-module-specialise' '-fdo-eta-reduction'
 '-fcross-module-specialise' '-funbox-small-strict-fields' '-fregs-graph'
 '-fno-state-hack']",fast,0.211,0.211
207,d11c3142-6e85-4e43-ae8e-c45a1f1e0bc7,"['-O0' '-fregs-graph' '-fno-opt-coercion' '-fexpose-all-unfoldings'
 '-fliberate-case' '-fdicts-cheap' '-fcse' '-fenable-rewrite-rules'
 '-fvectorise' '-floopification' '-fspec-constr' '-fdmd-tx-dict-sel'
 '-fexcess-precision' '-ffun-to-thunk' '-fignore-asserts'
 '-fignore-interface-pragmas' '-fcse' '-fmax-inline-alloc-size=128'
 '-ffull-laziness']",fast,0.214,0.214
208,2b2efb65-c438-4cc6-9348-16a00d1ecacb,"['-O0' '-fexpose-all-unfoldings' '-fomit-interface-pragmas' '-fstrictness'
 '-fomit-yields' '-fstatic-argument-transformation'
 '-fmax-inline-alloc-size=128' '-fliberate-case-threshold=2000'
 '-feager-blackholing' '-fstrictness' '-fignore-asserts'
 '-fmax-inline-memset-insns=32' '-fdmd-tx-dict-sel'
 '-funfolding-creation-threshold=750' '-fcpr-anal' '-fmax-worker-args=10'
 '-fexpose-all-unfoldings' '-floopification' '-fdicts-strict']",fast,0.211,0.211
209,bc69212d-8591-4652-9988-c5605f8da92d,"['-O0' '-fmax-inline-alloc-size=128' '-fcross-module-specialise'
 '-fno-state-hack' '-floopification' '-fspec-constr-threshold=2000'
 '-fcmm-elim-common-blocks' '-fcall-arity' '-funfolding-dict-discount=30'
 '-fignore-interface-pragmas' '-ffloat-in' '-fvectorisation-avoidance'
 '-fmax-inline-memset-insns=32' '-fspec-constr-threshold=2000'
 '-fstrictness-before=1' '-funfolding-keeness-factor=1.5'
 '-fenable-rewrite-rules' '-fignore-interface-pragmas' '-fvectorise']",fast,0.213,0.213
210,45e7b040-deb2-4ad5-be31-377a191a5e70,"['-O0' '-fno-opt-coercion' '-fenable-rewrite-rules'
 '-fmax-relevant-binds=6' '-fstrictness' '-fcase-merge' '-fliberate-case'
 '-fno-pre-inlining' '-fignore-asserts' '-fdicts-cheap' '-fcse'
 '-fignore-asserts' '-fcall-arity' '-fmax-inline-memcpy-insns=32'
 '-fexcess-precision' '-fomit-yields' '-fignore-interface-pragmas'
 '-fdmd-tx-dict-sel' '-flate-dmd-anal']",fast,0.211,0.211
211,21d9f11f-3c6d-4bad-a895-1b94cdbe1983,"['-O0' '-ffull-laziness' '-fliberate-case-threshold=2000'
 '-feager-blackholing' '-fdo-eta-reduction'
 '-funfolding-creation-threshold=750' '-fstrictness-before=1'
 '-fliberate-case-threshold=2000' '-fstrictness' '-fstrictness'
 '-fstatic-argument-transformation' '-fcse' '-fdo-lambda-eta-expansion'
 '-fliberate-case-threshold=2000' '-ffloat-in' '-fsimplifier-phases=2'
 '-fstrictness' '-funfolding-dict-discount=30' '-funbox-strict-fields']",fast,0.211,0.211
212,6ece73cf-8125-4125-8ab4-60ead00ef75a,"['-O0' '-fdicts-cheap' '-fsimpl-tick-factor=100' '-fliberate-case'
 '-fmax-inline-alloc-size=128' '-fcpr-anal' '-fcase-merge'
 '-fstrictness-before=1' '-fignore-asserts' '-fcmm-sink'
 '-fsimplifier-phases=2' '-fdo-lambda-eta-expansion'
 '-fenable-rewrite-rules' '-fno-state-hack' '-fspec-constr'
 '-foptimal-applicative-do' '-fdmd-tx-dict-sel' '-fignore-asserts'
 '-fdicts-cheap']",fast,0.212,0.212
213,8636b74d-3c0d-4745-afc9-65855ee08e74,"['-O0' '-fstatic-argument-transformation'
 '-funfolding-creation-threshold=750' '-fno-pre-inlining'
 '-fworker-wrapper' '-fmax-inline-alloc-size=128' '-fmax-relevant-binds=6'
 '-fcase-merge' '-fdmd-tx-dict-sel' '-fpedantic-bottoms' '-fdicts-strict'
 '-fstatic-argument-transformation' '-fregs-graph' '-fdo-eta-reduction'
 '-fno-opt-coercion' '-fspecialise' '-fcmm-sink' '-fstrictness-before=1'
 '-fcpr-anal']",fast,0.213,0.213
214,3038e091-5525-4308-9815-e23d6488bc28,"['-O0' '-fno-state-hack' '-fignore-interface-pragmas' '-fno-opt-coercion'
 '-fcross-module-specialise' '-funfolding-use-threshold=60'
 '-fmax-inline-memset-insns=32' '-funbox-strict-fields' '-fcse'
 '-fignore-asserts' '-fsimplifier-phases=2' '-fcmm-sink'
 '-funbox-strict-fields' '-fspec-constr-count=3' '-fno-state-hack'
 '-funfolding-keeness-factor=1.5' '-fspec-constr-count=3'
 '-fpedantic-bottoms' '-fdmd-tx-dict-sel']",fast,0.215,0.215
215,e25fe38b-4cbf-4a56-a65d-17e781cd50ba,"['-O0' '-fvectorise' '-fspec-constr-threshold=2000' '-ffull-laziness'
 '-fspec-constr-count=3' '-ffun-to-thunk' '-fcmm-elim-common-blocks'
 '-fsimpl-tick-factor=100' '-feager-blackholing' '-ffull-laziness'
 '-fworker-wrapper' '-ffun-to-thunk' '-fmax-inline-memset-insns=32'
 '-funfolding-creation-threshold=750' '-fmax-worker-args=10'
 '-fliberate-case' '-fdmd-tx-dict-sel' '-fcase-merge' '-fcse']",fast,0.212,0.212
216,12b329bc-19b8-4455-bd6b-71cef118a9a2,"['-O0' '-fvectorisation-avoidance' '-fregs-iterative'
 '-fvectorisation-avoidance' '-fcmm-elim-common-blocks'
 '-feager-blackholing' '-fcpr-anal' '-fcase-merge'
 '-fsimpl-tick-factor=100' '-funfolding-use-threshold=60' '-fcmm-sink'
 '-fomit-interface-pragmas' '-ffull-laziness'
 '-funfolding-keeness-factor=1.5' '-fmax-inline-alloc-size=128'
 '-funbox-strict-fields' '-funfolding-fun-discount=60'
 '-fenable-rewrite-rules' '-fvectorisation-avoidance']",fast,0.213,0.213
217,4b97873b-1137-412a-9b1a-8aa251236fcb,"['-O0' '-funfolding-use-threshold=60' '-foptimal-applicative-do'
 '-flate-dmd-anal' '-fstrictness' '-fignore-interface-pragmas'
 '-fcall-arity' '-fno-opt-coercion' '-funfolding-keeness-factor=1.5'
 '-fvectorise' '-fdicts-cheap' '-fliberate-case-threshold=2000'
 '-fcmm-sink' '-fdmd-tx-dict-sel' '-fdo-eta-reduction' '-fvectorise'
 '-fliberate-case-threshold=2000' '-fcse' '-floopification']",fast,0.211,0.211
218,dc0bec85-02e4-42a3-ac47-6d173143a247,"['-O0' '-feager-blackholing' '-fmax-inline-memset-insns=32'
 '-fliberate-case' '-fcmm-sink' '-fworker-wrapper' '-fdicts-cheap'
 '-fpedantic-bottoms' '-fexcess-precision' '-fmax-inline-alloc-size=128'
 '-fcmm-elim-common-blocks' '-fomit-interface-pragmas' '-fcall-arity'
 '-fspec-constr-threshold=2000' '-fignore-asserts'
 '-fsimpl-tick-factor=100' '-funfolding-keeness-factor=1.5'
 '-fliberate-case-threshold=2000' '-fmax-inline-alloc-size=128']",fast,0.213,0.213
219,f390cb56-7367-40a4-b268-1520d9f2555d,"['-O0' '-funfolding-creation-threshold=750' '-flate-dmd-anal'
 '-fstatic-argument-transformation' '-fsimplifier-phases=2' '-fregs-graph'
 '-fvectorise' '-fspec-constr-threshold=2000' '-fdo-eta-reduction'
 '-funfolding-dict-discount=30' '-fignore-asserts' '-fno-pre-inlining'
 '-fmax-inline-memset-insns=32' '-fcase-merge' '-fpedantic-bottoms'
 '-fignore-asserts' '-funbox-small-strict-fields'
 '-foptimal-applicative-do' '-fliberate-case']",fast,0.211,0.211
220,2e4756a0-7bc0-4024-9504-f79e9be7715b,"['-O0' '-fstrictness-before=1' '-fmax-inline-memset-insns=32'
 '-fspec-constr' '-fspec-constr-count=3' '-fcpr-anal'
 '-fmax-relevant-binds=6' '-fdo-lambda-eta-expansion'
 '-fspec-constr-count=3' '-fstatic-argument-transformation'
 '-ffun-to-thunk' '-fno-state-hack' '-fvectorise' '-fpedantic-bottoms'
 '-fdo-lambda-eta-expansion' '-fdicts-strict' '-fcall-arity' '-fcse'
 '-fcse']",fast,0.212,0.212
221,e226c65f-ae65-491e-900a-2c08eeb790bf,"['-O0' '-fpedantic-bottoms' '-fmax-inline-memcpy-insns=32' '-fregs-graph'
 '-fmax-inline-memset-insns=32' '-fdo-eta-reduction'
 '-fmax-worker-args=10' '-fstrictness' '-fspec-constr-threshold=2000'
 '-fregs-iterative' '-fspec-constr' '-fmax-worker-args=10'
 '-flate-dmd-anal' '-fenable-rewrite-rules' '-fomit-interface-pragmas'
 '-fexpose-all-unfoldings' '-fignore-asserts'
 '-funfolding-use-threshold=60' '-fdo-eta-reduction']",fast,0.212,0.212
222,a2b1134c-50f1-4e05-a73f-00b40d255887,"['-O0' '-fignore-interface-pragmas' '-fignore-interface-pragmas'
 '-fcpr-anal' '-fmax-inline-memcpy-insns=32' '-fcmm-sink' '-fstrictness'
 '-fcross-module-specialise' '-funfolding-dict-discount=30'
 '-fignore-interface-pragmas' '-fspec-constr' '-fdicts-cheap'
 '-fmax-relevant-binds=6' '-fsimplifier-phases=2'
 '-fvectorisation-avoidance' '-funfolding-dict-discount=30'
 '-funbox-small-strict-fields' '-fspec-constr-count=3'
 '-funbox-strict-fields']",fast,0.217,0.217
223,53eb8423-b5ad-4e99-998d-9674ea350497,"['-O0' '-fdo-lambda-eta-expansion' '-fdo-lambda-eta-expansion'
 '-fsimpl-tick-factor=100' '-fno-state-hack' '-fcmm-elim-common-blocks'
 '-fno-pre-inlining' '-funfolding-fun-discount=60'
 '-fmax-relevant-binds=6' '-fregs-iterative' '-funbox-strict-fields'
 '-funbox-small-strict-fields' '-funfolding-creation-threshold=750'
 '-feager-blackholing' '-fdicts-strict' '-funfolding-use-threshold=60'
 '-fdo-lambda-eta-expansion' '-fomit-interface-pragmas'
 '-fmax-simplifier-iterations=4']",fast,0.211,0.211
224,3bf8f9c8-08a1-43d5-8e1e-c6e4b9c248bc,"['-O0' '-fcall-arity' '-fignore-asserts' '-funfolding-dict-discount=30'
 '-fno-pre-inlining' '-fignore-interface-pragmas'
 '-fmax-inline-memset-insns=32' '-fstrictness' '-fmax-relevant-binds=6'
 '-fvectorise' '-fmax-inline-alloc-size=128' '-flate-dmd-anal'
 '-ffun-to-thunk' '-funbox-small-strict-fields' '-fstrictness'
 '-fworker-wrapper' '-fexcess-precision' '-floopification' '-fomit-yields']",fast,0.212,0.212
225,e1cea9e1-a50a-4f52-9919-6ee3126614f7,"['-O0' '-fspec-constr-threshold=2000' '-fno-pre-inlining'
 '-fspec-constr-threshold=2000' '-ffull-laziness' '-fdmd-tx-dict-sel'
 '-fmax-simplifier-iterations=4' '-fmax-inline-alloc-size=128'
 '-fsimpl-tick-factor=100' '-ffull-laziness' '-fpedantic-bottoms'
 '-fno-opt-coercion' '-ffloat-in' '-fomit-interface-pragmas'
 '-fexpose-all-unfoldings' '-fmax-inline-memcpy-insns=32'
 '-fignore-interface-pragmas' '-floopification' '-fdmd-tx-dict-sel']",fast,0.212,0.212
226,a90ac58e-5cb1-4b16-8787-4f8e2319d40d,"['-O0' '-fspec-constr-threshold=2000' '-fcross-module-specialise'
 '-fmax-worker-args=10' '-fcase-merge' '-flate-dmd-anal'
 '-fdmd-tx-dict-sel' '-fomit-interface-pragmas' '-fdmd-tx-dict-sel'
 '-fno-pre-inlining' '-fdicts-cheap' '-fexpose-all-unfoldings'
 '-fomit-interface-pragmas' '-foptimal-applicative-do' '-fdicts-cheap'
 '-fspec-constr-threshold=2000' '-fvectorise' '-fenable-rewrite-rules'
 '-fdo-lambda-eta-expansion']",fast,0.213,0.213
227,65bd27c5-5dd8-4da9-8f8c-1b2c4509d870,"['-O0' '-fstrictness-before=1' '-foptimal-applicative-do'
 '-funbox-small-strict-fields' '-fignore-asserts' '-fspec-constr-count=3'
 '-fregs-iterative' '-fregs-graph' '-fno-pre-inlining'
 '-fdo-lambda-eta-expansion' '-foptimal-applicative-do' '-fspec-constr'
 '-fmax-worker-args=10' '-fregs-graph' '-fcse'
 '-fmax-simplifier-iterations=4' '-funfolding-keeness-factor=1.5'
 '-fdmd-tx-dict-sel' '-fno-pre-inlining']",fast,0.215,0.215
228,9ead1ac2-cd83-4820-b4cd-2c30c0f1aaa7,"['-O0' '-flate-dmd-anal' '-fmax-inline-alloc-size=128' '-fcpr-anal'
 '-fstatic-argument-transformation' '-feager-blackholing'
 '-fspec-constr-count=3' '-fexpose-all-unfoldings' '-floopification'
 '-fliberate-case' '-fenable-rewrite-rules' '-fpedantic-bottoms'
 '-fvectorisation-avoidance' '-fstatic-argument-transformation'
 '-fno-opt-coercion' '-fomit-yields' '-feager-blackholing'
 '-fomit-interface-pragmas' '-fdicts-strict']",fast,0.211,0.211
229,3b164337-d4e3-482c-9062-612b7900418d,"['-O0' '-fstrictness' '-fdo-lambda-eta-expansion'
 '-funfolding-use-threshold=60' '-fspec-constr' '-fno-opt-coercion'
 '-fcse' '-fvectorise' '-ffull-laziness' '-fcall-arity' '-fcpr-anal'
 '-fno-state-hack' '-fliberate-case-threshold=2000'
 '-funfolding-fun-discount=60' '-fspec-constr-threshold=2000'
 '-fignore-interface-pragmas' '-fspecialise' '-fcase-merge'
 '-funfolding-keeness-factor=1.5']",fast,0.213,0.213
230,9e7e6160-b918-4fc0-ae0d-46b1c1518845,"['-O0' '-fdo-lambda-eta-expansion' '-fregs-iterative' '-ffun-to-thunk'
 '-fenable-rewrite-rules' '-foptimal-applicative-do'
 '-fcross-module-specialise' '-fmax-inline-alloc-size=128'
 '-fdicts-strict' '-fomit-interface-pragmas' '-funfolding-fun-discount=60'
 '-fmax-simplifier-iterations=4' '-fdicts-cheap' '-fexpose-all-unfoldings'
 '-fdicts-strict' '-fno-pre-inlining' '-fcmm-sink'
 '-fvectorisation-avoidance' '-fignore-asserts']",fast,0.21,0.21
231,8a3b9922-f297-4e6a-8e59-826fad9feac5,"['-O0' '-fexpose-all-unfoldings' '-fcross-module-specialise'
 '-fno-state-hack' '-fcmm-sink' '-feager-blackholing'
 '-fomit-interface-pragmas' '-fignore-interface-pragmas' '-fliberate-case'
 '-fignore-interface-pragmas' '-fstrictness-before=1' '-fvectorise'
 '-fdo-eta-reduction' '-fomit-yields' '-fignore-asserts'
 '-fmax-inline-alloc-size=128' '-fexpose-all-unfoldings'
 '-fregs-iterative' '-floopification']",fast,0.211,0.211
232,9c49f170-7e13-4763-8d1e-501d0314dd45,"['-O0' '-fexpose-all-unfoldings' '-fenable-rewrite-rules'
 '-funfolding-dict-discount=30' '-fcross-module-specialise'
 '-fdo-lambda-eta-expansion' '-fenable-rewrite-rules'
 '-fmax-relevant-binds=6' '-fspec-constr-threshold=2000' '-fspecialise'
 '-fvectorisation-avoidance' '-fdicts-strict' '-fdicts-strict'
 '-fmax-worker-args=10' '-fexcess-precision'
 '-fmax-inline-memcpy-insns=32' '-fexpose-all-unfoldings'
 '-fsimpl-tick-factor=100' '-fstrictness-before=1']",fast,0.212,0.212
233,6dc3b3ff-3e41-440f-a733-7bf836626e46,"['-O0' '-fmax-inline-memset-insns=32' '-fdicts-strict'
 '-fdo-eta-reduction' '-ffull-laziness' '-fliberate-case-threshold=2000'
 '-fexcess-precision' '-floopification' '-fspecialise'
 '-fsimpl-tick-factor=100' '-fvectorisation-avoidance' '-fspec-constr'
 '-fdo-lambda-eta-expansion' '-fdo-eta-reduction'
 '-funfolding-creation-threshold=750' '-ffloat-in' '-fstrictness'
 '-fstatic-argument-transformation' '-floopification']",fast,0.213,0.213
234,3fff333b-a3b2-4d53-9aa1-2ff09e4a7510,"['-O0' '-fno-state-hack' '-fdicts-cheap' '-fomit-interface-pragmas'
 '-fdicts-strict' '-funfolding-keeness-factor=1.5' '-fstrictness'
 '-fcmm-elim-common-blocks' '-fno-opt-coercion' '-fno-state-hack'
 '-foptimal-applicative-do' '-fliberate-case-threshold=2000'
 '-fstrictness-before=1' '-fmax-inline-memset-insns=32'
 '-fexpose-all-unfoldings' '-fignore-asserts' '-feager-blackholing'
 '-fcpr-anal' '-fvectorise']",fast,0.212,0.212
235,04aa601e-f204-4756-b14a-2e9fa32d1c1f,"['-O0' '-fcall-arity' '-fexpose-all-unfoldings' '-fregs-graph'
 '-fenable-rewrite-rules' '-flate-dmd-anal' '-fpedantic-bottoms'
 '-funbox-strict-fields' '-fomit-yields' '-fworker-wrapper'
 '-funbox-strict-fields' '-fmax-inline-alloc-size=128'
 '-funfolding-fun-discount=60' '-funfolding-fun-discount=60'
 '-fspec-constr-threshold=2000' '-fsimpl-tick-factor=100'
 '-fno-state-hack' '-funfolding-dict-discount=30'
 '-funfolding-use-threshold=60']",fast,0.211,0.211
236,e4aedc6f-7554-48c7-a395-09cb12ab188e,"['-O0' '-fignore-asserts' '-fmax-inline-memset-insns=32'
 '-fspec-constr-threshold=2000' '-ffull-laziness'
 '-funfolding-fun-discount=60' '-foptimal-applicative-do' '-fcase-merge'
 '-fmax-relevant-binds=6' '-fstatic-argument-transformation'
 '-funbox-small-strict-fields' '-fmax-relevant-binds=6'
 '-fenable-rewrite-rules' '-flate-dmd-anal' '-fworker-wrapper'
 '-fstrictness-before=1' '-fmax-worker-args=10'
 '-funfolding-keeness-factor=1.5' '-fvectorisation-avoidance']",fast,0.211,0.211
237,c5419af6-06bf-4c9f-95df-841dc9891989,"['-O0' '-fno-state-hack' '-funfolding-keeness-factor=1.5'
 '-feager-blackholing' '-fmax-inline-memset-insns=32' '-fcase-merge'
 '-fexcess-precision' '-funbox-small-strict-fields' '-fno-opt-coercion'
 '-fcmm-elim-common-blocks' '-ffun-to-thunk' '-fexcess-precision'
 '-fworker-wrapper' '-floopification' '-fmax-inline-alloc-size=128'
 '-fliberate-case' '-feager-blackholing' '-fno-pre-inlining'
 '-fexcess-precision']",fast,0.211,0.211
238,d006d15b-796e-4c40-91dd-615bc528ae11,"['-O0' '-fstrictness-before=1' '-ffloat-in' '-funfolding-dict-discount=30'
 '-fexcess-precision' '-fmax-inline-memset-insns=32' '-fexcess-precision'
 '-fmax-simplifier-iterations=4' '-fstatic-argument-transformation'
 '-floopification' '-fstrictness' '-fcpr-anal'
 '-funbox-small-strict-fields' '-fcmm-elim-common-blocks'
 '-fstatic-argument-transformation' '-fenable-rewrite-rules'
 '-fcmm-elim-common-blocks' '-fvectorisation-avoidance' '-fliberate-case']",fast,0.21,0.21
239,60e19c81-7949-46f5-80f4-a7c39d92ccfc,"['-O0' '-fvectorisation-avoidance' '-funfolding-use-threshold=60'
 '-funfolding-keeness-factor=1.5' '-foptimal-applicative-do'
 '-fmax-worker-args=10' '-feager-blackholing'
 '-fmax-inline-memcpy-insns=32' '-fmax-inline-memset-insns=32'
 '-fignore-asserts' '-fvectorisation-avoidance' '-fenable-rewrite-rules'
 '-fdo-eta-reduction' '-fworker-wrapper' '-feager-blackholing'
 '-fdicts-strict' '-fsimplifier-phases=2' '-flate-dmd-anal'
 '-fliberate-case']",fast,0.211,0.211
240,b7559531-0268-498a-b5c9-051b9344352d,"['-O0' '-ffloat-in' '-fdicts-strict' '-fcse' '-fignore-interface-pragmas'
 '-fexpose-all-unfoldings' '-fworker-wrapper' '-funbox-strict-fields'
 '-fworker-wrapper' '-fmax-simplifier-iterations=4' '-fdicts-strict'
 '-fspec-constr-count=3' '-fcpr-anal' '-funfolding-creation-threshold=750'
 '-fregs-graph' '-fspec-constr' '-fno-opt-coercion' '-fcse'
 '-feager-blackholing']",fast,0.213,0.213
241,0b68d35f-3450-4f29-b2b8-deaa6bf736c7,"['-O0' '-fmax-inline-memset-insns=32' '-fno-state-hack'
 '-fexpose-all-unfoldings' '-fignore-asserts' '-fignore-asserts' '-fcse'
 '-fvectorisation-avoidance' '-fvectorisation-avoidance' '-ffull-laziness'
 '-fstrictness-before=1' '-fomit-interface-pragmas'
 '-fsimpl-tick-factor=100' '-fvectorise' '-fspec-constr'
 '-fdmd-tx-dict-sel' '-funfolding-use-threshold=60'
 '-funfolding-dict-discount=30' '-fregs-graph']",fast,0.219,0.219
242,8894f90c-5583-4c9f-9fcd-a1dee1bdc471,"['-O0' '-fspec-constr' '-fdmd-tx-dict-sel' '-funfolding-fun-discount=60'
 '-fspec-constr-threshold=2000' '-fmax-inline-memcpy-insns=32'
 '-fno-opt-coercion' '-flate-dmd-anal' '-fomit-yields' '-floopification'
 '-fmax-worker-args=10' '-funfolding-fun-discount=60' '-floopification'
 '-funfolding-fun-discount=60' '-feager-blackholing' '-fpedantic-bottoms'
 '-funfolding-dict-discount=30' '-fcse' '-fno-opt-coercion']",fast,0.214,0.214
243,9fbf0c5b-f1ec-44e4-9ddb-cfc120147b0f,"['-O0' '-fmax-worker-args=10' '-fregs-graph'
 '-funfolding-use-threshold=60' '-funfolding-keeness-factor=1.5'
 '-fdmd-tx-dict-sel' '-funfolding-dict-discount=30'
 '-fmax-inline-alloc-size=128' '-fdo-eta-reduction'
 '-fmax-relevant-binds=6' '-fspec-constr-count=3'
 '-fsimpl-tick-factor=100' '-fpedantic-bottoms' '-fregs-graph'
 '-fmax-worker-args=10' '-fdmd-tx-dict-sel' '-fcross-module-specialise'
 '-fcse' '-fdo-eta-reduction']",fast,0.212,0.212
244,d07d2d9d-e3ae-417e-9f9d-dc632b3fd757,"['-O0' '-fvectorise' '-fstatic-argument-transformation'
 '-fdo-eta-reduction' '-fmax-inline-memcpy-insns=32' '-fliberate-case'
 '-fsimpl-tick-factor=100' '-funfolding-dict-discount=30' '-fomit-yields'
 '-fno-opt-coercion' '-fstatic-argument-transformation'
 '-fmax-relevant-binds=6' '-fspec-constr' '-fcase-merge'
 '-fliberate-case-threshold=2000' '-fregs-iterative' '-floopification'
 '-fliberate-case' '-fmax-worker-args=10']",fast,0.214,0.214
245,2ccdb41e-6862-4cf4-9f02-cff7effefd8e,"['-O0' '-fcmm-sink' '-fdmd-tx-dict-sel' '-fvectorisation-avoidance'
 '-fmax-relevant-binds=6' '-fcall-arity' '-fdo-eta-reduction'
 '-fmax-inline-memcpy-insns=32' '-foptimal-applicative-do'
 '-fregs-iterative' '-fexpose-all-unfoldings' '-fomit-interface-pragmas'
 '-foptimal-applicative-do' '-fcase-merge'
 '-fliberate-case-threshold=2000' '-fstrictness' '-fno-pre-inlining'
 '-fno-state-hack' '-fmax-relevant-binds=6']",fast,0.213,0.213
246,cfa60173-a9c5-456b-bf05-83e97fd3bee1,"['-O0' '-fdo-eta-reduction' '-fno-opt-coercion' '-fenable-rewrite-rules'
 '-funfolding-keeness-factor=1.5' '-fexpose-all-unfoldings'
 '-fdo-eta-reduction' '-fsimpl-tick-factor=100' '-fno-state-hack'
 '-fomit-interface-pragmas' '-funfolding-dict-discount=30'
 '-funbox-strict-fields' '-fignore-interface-pragmas'
 '-funfolding-keeness-factor=1.5' '-fcse' '-fdo-eta-reduction'
 '-fsimpl-tick-factor=100' '-fsimpl-tick-factor=100' '-fno-pre-inlining']",fast,0.215,0.215
247,09d481c0-18a9-4f7d-9619-ba68f5346f96,"['-O0' '-fmax-simplifier-iterations=4' '-fenable-rewrite-rules'
 '-fno-pre-inlining' '-fcpr-anal' '-fcpr-anal' '-fcall-arity'
 '-floopification' '-fliberate-case' '-fomit-interface-pragmas'
 '-fspec-constr' '-fcpr-anal' '-fvectorise' '-fregs-graph'
 '-foptimal-applicative-do' '-fstrictness-before=1' '-fmax-worker-args=10'
 '-fpedantic-bottoms' '-funfolding-dict-discount=30']",fast,0.213,0.213
248,a36e392f-31ed-41a5-92b9-2a180fb595a1,"['-O0' '-ffun-to-thunk' '-ffull-laziness' '-fmax-simplifier-iterations=4'
 '-fspec-constr-threshold=2000' '-fcpr-anal' '-feager-blackholing'
 '-funfolding-creation-threshold=750' '-fdicts-cheap'
 '-funbox-small-strict-fields' '-fspec-constr' '-fsimplifier-phases=2'
 '-funfolding-use-threshold=60' '-fdo-lambda-eta-expansion'
 '-funfolding-fun-discount=60' '-funbox-strict-fields'
 '-funfolding-fun-discount=60' '-fcall-arity' '-fvectorisation-avoidance']",fast,0.212,0.212
249,be881e16-915f-4700-b05e-79e6fc0e4b48,"['-O0' '-fliberate-case' '-fstatic-argument-transformation'
 '-fmax-inline-memset-insns=32' '-funbox-small-strict-fields'
 '-fregs-graph' '-feager-blackholing' '-funfolding-creation-threshold=750'
 '-fno-state-hack' '-fsimpl-tick-factor=100' '-fregs-graph'
 '-fliberate-case-threshold=2000' '-funbox-small-strict-fields'
 '-feager-blackholing' '-ffun-to-thunk' '-fenable-rewrite-rules'
 '-fmax-inline-alloc-size=128' '-fvectorisation-avoidance'
 '-floopification']",fast,0.214,0.214
250,39bfb3cc-9759-405b-a635-205f0ca8a05a,"['-O0' '-fvectorisation-avoidance' '-fomit-interface-pragmas'
 '-fdicts-strict' '-fstrictness-before=1' '-fcross-module-specialise'
 '-fdo-eta-reduction' '-fstatic-argument-transformation'
 '-fenable-rewrite-rules' '-funfolding-dict-discount=30'
 '-fmax-inline-memcpy-insns=32' '-fregs-iterative' '-fdmd-tx-dict-sel'
 '-feager-blackholing' '-fspec-constr' '-fcall-arity' '-fspec-constr'
 '-fmax-simplifier-iterations=4' '-fspec-constr']",fast,0.211,0.211
251,c900222f-385e-42c9-a67b-9fa138c668ca,"['-O0' '-fmax-inline-memset-insns=32' '-fcse'
 '-fliberate-case-threshold=2000' '-floopification' '-fworker-wrapper'
 '-fspec-constr' '-fcse' '-fexpose-all-unfoldings'
 '-fliberate-case-threshold=2000' '-funbox-strict-fields' '-fspecialise'
 '-fno-opt-coercion' '-fexcess-precision' '-fcase-merge' '-fomit-yields'
 '-funbox-strict-fields' '-fcase-merge' '-fspecialise']",fast,0.212,0.212
252,3b8ac3c3-5ec5-44fe-915e-3f4a9a2cdd97,"['-O0' '-fregs-iterative' '-fomit-interface-pragmas'
 '-fvectorisation-avoidance' '-fignore-interface-pragmas'
 '-fdo-lambda-eta-expansion' '-funfolding-keeness-factor=1.5'
 '-fspec-constr' '-fdicts-cheap' '-fexpose-all-unfoldings' '-fdicts-cheap'
 '-flate-dmd-anal' '-fworker-wrapper' '-fcase-merge'
 '-fsimpl-tick-factor=100' '-fdicts-strict' '-fignore-interface-pragmas'
 '-fmax-inline-memset-insns=32' '-fdicts-cheap']",fast,0.213,0.213
253,a2920a90-a5f9-46e7-8925-6ad64f03adaa,"['-O0' '-funfolding-fun-discount=60' '-fspec-constr-count=3'
 '-fno-state-hack' '-fenable-rewrite-rules' '-fmax-inline-memset-insns=32'
 '-fdicts-cheap' '-fworker-wrapper' '-funfolding-dict-discount=30'
 '-fspec-constr-threshold=2000' '-fcmm-elim-common-blocks'
 '-fignore-asserts' '-fstatic-argument-transformation' '-ffull-laziness'
 '-fdicts-cheap' '-funbox-small-strict-fields' '-fpedantic-bottoms'
 '-funbox-strict-fields' '-fomit-yields']",fast,0.213,0.213
254,9d0510f6-839f-4c5c-9e1f-b7114209ba64,"['-O0' '-fcmm-elim-common-blocks' '-fcall-arity'
 '-funfolding-creation-threshold=750' '-fliberate-case'
 '-fstatic-argument-transformation' '-funfolding-dict-discount=30'
 '-fignore-asserts' '-fliberate-case-threshold=2000'
 '-funbox-strict-fields' '-fmax-inline-memset-insns=32'
 '-fmax-relevant-binds=6' '-fmax-relevant-binds=6'
 '-fenable-rewrite-rules' '-fmax-inline-alloc-size=128' '-fignore-asserts'
 '-ffun-to-thunk' '-fmax-inline-alloc-size=128' '-fno-pre-inlining']",fast,0.211,0.211
255,477d0124-0ac8-4dc5-b957-c093237fd352,"['-O0' '-feager-blackholing' '-fno-opt-coercion' '-fmax-worker-args=10'
 '-fmax-inline-memset-insns=32' '-fexcess-precision'
 '-funfolding-fun-discount=60' '-fspec-constr-count=3'
 '-fmax-relevant-binds=6' '-fpedantic-bottoms' '-ffun-to-thunk'
 '-fregs-iterative' '-fsimplifier-phases=2' '-fno-opt-coercion'
 '-fmax-relevant-binds=6' '-fcross-module-specialise' '-fpedantic-bottoms'
 '-fignore-asserts' '-fmax-relevant-binds=6']",fast,0.213,0.213
256,359a0fee-ff8e-4df8-9620-a1ca166331bf,"['-O0' '-fomit-yields' '-fcall-arity' '-fsimpl-tick-factor=100'
 '-fomit-yields' '-fstatic-argument-transformation' '-floopification'
 '-flate-dmd-anal' '-fmax-simplifier-iterations=4'
 '-fexpose-all-unfoldings' '-fspec-constr-count=3' '-fcse'
 '-fcmm-elim-common-blocks' '-fignore-asserts' '-fcmm-sink'
 '-fcmm-elim-common-blocks' '-fcross-module-specialise'
 '-fstatic-argument-transformation' '-fmax-worker-args=10']",fast,0.211,0.211
257,4e423c34-ec09-45c7-be6a-65faea6cf53e,"['-O0' '-ffull-laziness' '-fsimplifier-phases=2'
 '-foptimal-applicative-do' '-fstatic-argument-transformation'
 '-funfolding-fun-discount=60' '-fliberate-case-threshold=2000'
 '-ffull-laziness' '-fmax-simplifier-iterations=4'
 '-fstatic-argument-transformation' '-fcase-merge' '-fno-pre-inlining'
 '-fexcess-precision' '-fvectorisation-avoidance' '-funbox-strict-fields'
 '-fno-opt-coercion' '-floopification' '-funfolding-dict-discount=30'
 '-fstatic-argument-transformation']",fast,0.214,0.214
258,74ff4782-a3ab-474d-8b7d-57c6ca45a499,"['-O0' '-fsimplifier-phases=2' '-foptimal-applicative-do'
 '-fcmm-elim-common-blocks' '-fmax-inline-memset-insns=32'
 '-fworker-wrapper' '-fdicts-cheap' '-fspec-constr-count=3'
 '-fomit-yields' '-fcmm-elim-common-blocks' '-fworker-wrapper'
 '-funfolding-fun-discount=60' '-floopification' '-fno-pre-inlining'
 '-fomit-interface-pragmas' '-fstatic-argument-transformation'
 '-fmax-inline-memcpy-insns=32' '-fvectorise' '-fomit-interface-pragmas']",fast,0.212,0.212
259,3496cd69-dafe-4d94-8035-f046c3d8f6ad,"['-O0' '-fspec-constr-threshold=2000' '-fno-pre-inlining'
 '-fdo-eta-reduction' '-funfolding-keeness-factor=1.5' '-fcse'
 '-fregs-iterative' '-fdo-eta-reduction' '-foptimal-applicative-do'
 '-fstrictness-before=1' '-fmax-simplifier-iterations=4'
 '-fstrictness-before=1' '-fspec-constr-threshold=2000'
 '-fmax-inline-memcpy-insns=32' '-fliberate-case' '-fsimplifier-phases=2'
 '-fmax-inline-alloc-size=128' '-fdicts-cheap'
 '-funfolding-creation-threshold=750']",fast,0.213,0.213
260,ece8e544-121d-4006-83d9-f617cc33c2a0,"['-O0' '-fstrictness-before=1' '-fdicts-strict' '-fcase-merge'
 '-fmax-inline-memcpy-insns=32' '-fregs-graph'
 '-fliberate-case-threshold=2000' '-fcase-merge' '-fignore-asserts'
 '-ffun-to-thunk' '-fcpr-anal' '-fignore-asserts'
 '-fsimpl-tick-factor=100' '-fcase-merge' '-fmax-inline-memcpy-insns=32'
 '-fmax-inline-alloc-size=128' '-funfolding-creation-threshold=750'
 '-funfolding-fun-discount=60' '-fmax-inline-memcpy-insns=32']",fast,0.211,0.211
261,1ec0fe7d-fa4f-4dd0-bc7d-e2c82007c475,"['-O0' '-ffull-laziness' '-fdmd-tx-dict-sel' '-fcmm-elim-common-blocks'
 '-fignore-interface-pragmas' '-funfolding-use-threshold=60'
 '-fspec-constr-threshold=2000' '-fdmd-tx-dict-sel' '-fdo-eta-reduction'
 '-fpedantic-bottoms' '-fcase-merge' '-fstrictness-before=1'
 '-funfolding-creation-threshold=750' '-fspecialise'
 '-funfolding-use-threshold=60' '-fregs-iterative' '-fcmm-sink'
 '-fstrictness-before=1' '-fignore-asserts']",fast,0.215,0.215
262,deb681c1-b701-45e5-b712-245c05b18ce6,"['-O0' '-fmax-inline-memset-insns=32' '-fstatic-argument-transformation'
 '-fno-state-hack' '-funfolding-creation-threshold=750'
 '-fno-opt-coercion' '-fvectorisation-avoidance' '-fexcess-precision'
 '-fcase-merge' '-fstrictness-before=1' '-fno-state-hack'
 '-fstrictness-before=1' '-fdicts-cheap' '-fdicts-strict'
 '-fignore-asserts' '-fliberate-case-threshold=2000' '-fdo-eta-reduction'
 '-fdmd-tx-dict-sel' '-fno-opt-coercion']",fast,0.213,0.213
263,9115237c-6106-4033-b136-38bfb190b665,"['-O0' '-floopification' '-funfolding-use-threshold=60'
 '-funfolding-fun-discount=60' '-fliberate-case' '-funbox-strict-fields'
 '-fcmm-elim-common-blocks' '-fregs-graph' '-fcmm-sink' '-ffun-to-thunk'
 '-feager-blackholing' '-funfolding-use-threshold=60'
 '-fsimpl-tick-factor=100' '-fno-pre-inlining' '-fcse'
 '-fvectorisation-avoidance' '-fvectorisation-avoidance'
 '-fexpose-all-unfoldings' '-fdo-lambda-eta-expansion']",fast,0.212,0.212
264,b4f764b9-b5de-476a-b5c2-351c676d596f,"['-O0' '-fomit-interface-pragmas' '-fcpr-anal' '-fvectorisation-avoidance'
 '-fworker-wrapper' '-fsimpl-tick-factor=100' '-fenable-rewrite-rules'
 '-fmax-relevant-binds=6' '-funfolding-creation-threshold=750'
 '-fexpose-all-unfoldings' '-fexcess-precision' '-fcmm-elim-common-blocks'
 '-fcross-module-specialise' '-ffun-to-thunk' '-fno-state-hack'
 '-fomit-interface-pragmas' '-fcase-merge' '-fcall-arity' '-fregs-graph']",fast,0.21,0.21
265,e60365d9-885e-479c-a54b-8137aefba647,"['-O0' '-fno-state-hack' '-fcmm-sink' '-fregs-iterative'
 '-fdmd-tx-dict-sel' '-flate-dmd-anal' '-fmax-inline-alloc-size=128'
 '-fspecialise' '-ffull-laziness' '-fcmm-sink' '-fsimpl-tick-factor=100'
 '-fcall-arity' '-fomit-yields' '-fexcess-precision' '-fliberate-case'
 '-fspecialise' '-fspec-constr-count=3' '-fcpr-anal'
 '-fstrictness-before=1']",fast,0.211,0.211
266,868f39cf-deec-47d2-97ed-f0bf8b0bc680,"['-O0' '-fdmd-tx-dict-sel' '-fexpose-all-unfoldings'
 '-fcross-module-specialise' '-fsimplifier-phases=2' '-fspec-constr'
 '-fmax-worker-args=10' '-funfolding-fun-discount=60'
 '-fvectorisation-avoidance' '-fliberate-case-threshold=2000'
 '-funbox-strict-fields' '-fstrictness' '-fexcess-precision'
 '-fignore-asserts' '-fignore-asserts' '-fignore-asserts' '-fcmm-sink'
 '-fomit-interface-pragmas' '-fvectorise']",fast,0.211,0.211
267,54af9fd9-dfb3-4e49-a45a-e996ac15e656,"['-O0' '-fdmd-tx-dict-sel' '-fspec-constr-count=3' '-fstrictness-before=1'
 '-fcmm-sink' '-fno-state-hack' '-fmax-relevant-binds=6'
 '-fmax-simplifier-iterations=4' '-fliberate-case-threshold=2000'
 '-fvectorise' '-foptimal-applicative-do' '-ffloat-in'
 '-fdo-lambda-eta-expansion' '-fcmm-sink' '-fregs-iterative'
 '-fcall-arity' '-fmax-simplifier-iterations=4' '-fomit-yields'
 '-fmax-inline-alloc-size=128']",fast,0.213,0.213
268,74e4d303-e0ab-47e5-98cc-6f3ba5536e89,"['-O0' '-fno-opt-coercion' '-fsimpl-tick-factor=100'
 '-fmax-inline-alloc-size=128' '-fno-opt-coercion' '-fvectorise'
 '-fomit-yields' '-fsimpl-tick-factor=100' '-ffull-laziness'
 '-fvectorisation-avoidance' '-fregs-iterative' '-fno-opt-coercion'
 '-fcmm-elim-common-blocks' '-fdicts-strict' '-ffull-laziness'
 '-fsimplifier-phases=2' '-floopification' '-fomit-interface-pragmas'
 '-ffun-to-thunk']",fast,0.21,0.21
269,09e2d2c4-2968-4a0f-bfb4-710bce42ed92,"['-O0' '-flate-dmd-anal' '-fexcess-precision' '-fno-state-hack'
 '-funbox-small-strict-fields' '-fno-opt-coercion'
 '-fmax-inline-memset-insns=32' '-fvectorise' '-fcall-arity'
 '-fno-state-hack' '-fworker-wrapper' '-fdo-lambda-eta-expansion'
 '-fspec-constr-count=3' '-fpedantic-bottoms' '-fcpr-anal'
 '-fmax-inline-memcpy-insns=32' '-fworker-wrapper' '-fomit-yields'
 '-fdo-eta-reduction']",fast,0.212,0.212
270,95233e4c-a660-49dc-8322-dba7f76eff2f,"['-O0' '-fspec-constr-threshold=2000' '-funfolding-keeness-factor=1.5'
 '-fmax-simplifier-iterations=4' '-ffloat-in'
 '-funfolding-creation-threshold=750' '-fpedantic-bottoms'
 '-fstrictness-before=1' '-fdo-eta-reduction' '-fomit-yields'
 '-fregs-iterative' '-fno-opt-coercion' '-fsimpl-tick-factor=100'
 '-flate-dmd-anal' '-fexcess-precision' '-fomit-yields' '-fspecialise'
 '-fexcess-precision' '-flate-dmd-anal']",fast,0.215,0.215
271,cd965b6b-2d7e-4d86-b42a-df0412e50afc,"['-O0' '-fliberate-case-threshold=2000' '-fno-pre-inlining'
 '-fspec-constr-count=3' '-funbox-strict-fields' '-fregs-graph'
 '-fspec-constr-count=3' '-fcse' '-fomit-interface-pragmas'
 '-fno-state-hack' '-funfolding-creation-threshold=750'
 '-fno-pre-inlining' '-fenable-rewrite-rules' '-fdo-eta-reduction'
 '-fenable-rewrite-rules' '-fregs-iterative' '-flate-dmd-anal'
 '-fdicts-strict' '-fcmm-elim-common-blocks']",fast,0.213,0.213
272,fd726fe3-a9ab-40d4-9eae-eb8daf17a24b,"['-O0' '-funfolding-keeness-factor=1.5' '-fno-pre-inlining'
 '-fenable-rewrite-rules' '-fexcess-precision' '-fvectorisation-avoidance'
 '-fstatic-argument-transformation' '-fexpose-all-unfoldings'
 '-fcross-module-specialise' '-funbox-strict-fields'
 '-fcmm-elim-common-blocks' '-fcall-arity' '-fstrictness-before=1'
 '-fspec-constr-count=3' '-feager-blackholing' '-ffun-to-thunk'
 '-fstrictness' '-ffun-to-thunk' '-ffloat-in']",fast,0.217,0.217
273,d2f62c32-ab46-4e7d-96e5-293a8e1a98d5,"['-O0' '-fomit-yields' '-fno-opt-coercion'
 '-funfolding-keeness-factor=1.5' '-ffun-to-thunk' '-fpedantic-bottoms'
 '-fdmd-tx-dict-sel' '-fcase-merge' '-fomit-interface-pragmas'
 '-fcall-arity' '-fliberate-case' '-feager-blackholing'
 '-funfolding-keeness-factor=1.5' '-fignore-interface-pragmas'
 '-fmax-inline-memset-insns=32' '-ffull-laziness' '-fno-state-hack'
 '-fmax-inline-memcpy-insns=32' '-fspecialise']",fast,0.212,0.212
274,671c10f5-c8e0-4bbb-9edd-87590bae90ba,"['-O0' '-fdicts-strict' '-fspecialise' '-funbox-small-strict-fields'
 '-fcse' '-fvectorisation-avoidance' '-fspecialise'
 '-funbox-strict-fields' '-fignore-interface-pragmas'
 '-fliberate-case-threshold=2000' '-fspec-constr-threshold=2000'
 '-fomit-yields' '-fsimplifier-phases=2' '-fspecialise'
 '-fsimplifier-phases=2' '-fexcess-precision' '-fdicts-strict'
 '-fignore-asserts' '-fmax-worker-args=10']",fast,0.21,0.21
275,d45b15d4-13fd-455b-ad45-ca01801bd203,"['-O0' '-funbox-small-strict-fields' '-fliberate-case-threshold=2000'
 '-fcmm-elim-common-blocks' '-floopification'
 '-fspec-constr-threshold=2000' '-foptimal-applicative-do'
 '-fregs-iterative' '-fmax-inline-memset-insns=32'
 '-funfolding-creation-threshold=750' '-fmax-worker-args=10'
 '-fspecialise' '-fsimplifier-phases=2' '-fliberate-case' '-fdicts-cheap'
 '-fstrictness-before=1' '-funbox-small-strict-fields' '-fno-opt-coercion'
 '-fdo-lambda-eta-expansion']",fast,0.211,0.211
276,9fa62463-1bdd-4682-ba6a-9c2f36667651,"['-O0' '-fdo-lambda-eta-expansion' '-fcse' '-floopification'
 '-fliberate-case-threshold=2000' '-fliberate-case-threshold=2000' '-fcse'
 '-fdo-lambda-eta-expansion' '-fcross-module-specialise'
 '-fenable-rewrite-rules' '-fdicts-cheap' '-funfolding-fun-discount=60'
 '-fdicts-cheap' '-fmax-inline-alloc-size=128' '-fcross-module-specialise'
 '-fdo-lambda-eta-expansion' '-fmax-inline-memcpy-insns=32'
 '-fpedantic-bottoms' '-fspecialise']",fast,0.213,0.213
277,afc85459-0913-47be-b5d7-dc0b62af409b,"['-O0' '-feager-blackholing' '-fno-pre-inlining' '-fno-state-hack'
 '-fsimplifier-phases=2' '-funfolding-fun-discount=60'
 '-fspec-constr-threshold=2000' '-fcall-arity' '-fno-state-hack'
 '-fmax-inline-alloc-size=128' '-funfolding-dict-discount=30'
 '-funfolding-dict-discount=30' '-fcall-arity' '-fcpr-anal'
 '-funbox-strict-fields' '-ffull-laziness'
 '-funfolding-creation-threshold=750' '-feager-blackholing'
 '-floopification']",fast,0.215,0.215
278,5c0afc8d-dc6e-40de-8b2f-401dd1e3f8b7,"['-O0' '-fmax-inline-memset-insns=32' '-fsimplifier-phases=2'
 '-fliberate-case-threshold=2000' '-fmax-relevant-binds=6'
 '-fliberate-case' '-funfolding-creation-threshold=750' '-fcall-arity'
 '-ffloat-in' '-fmax-inline-memset-insns=32' '-fno-opt-coercion'
 '-fcpr-anal' '-fno-pre-inlining' '-fworker-wrapper'
 '-funfolding-dict-discount=30' '-fpedantic-bottoms'
 '-fspec-constr-count=3' '-funfolding-dict-discount=30'
 '-fno-opt-coercion']",fast,0.212,0.212
279,d50d75ee-c371-4e64-8f3a-550ddacbba73,"['-O0' '-fdo-lambda-eta-expansion' '-fspecialise' '-fno-pre-inlining'
 '-fmax-worker-args=10' '-fdo-eta-reduction' '-fstrictness-before=1'
 '-fsimpl-tick-factor=100' '-fspec-constr' '-fregs-iterative'
 '-funfolding-use-threshold=60' '-funfolding-creation-threshold=750'
 '-fdo-lambda-eta-expansion' '-fstrictness'
 '-funfolding-creation-threshold=750' '-fdicts-strict'
 '-fspec-constr-count=3' '-fexcess-precision' '-fspecialise']",fast,0.211,0.211
280,2e2421c5-2a74-46aa-bb65-921c5c2ff026,"['-O0' '-fmax-relevant-binds=6' '-fmax-simplifier-iterations=4'
 '-floopification' '-ffun-to-thunk' '-fregs-iterative'
 '-fsimplifier-phases=2' '-ffloat-in' '-fomit-interface-pragmas'
 '-fspec-constr-threshold=2000' '-fmax-worker-args=10' '-fcpr-anal'
 '-fcall-arity' '-fmax-relevant-binds=6' '-fno-opt-coercion'
 '-fstrictness' '-fliberate-case' '-fsimpl-tick-factor=100'
 '-fsimpl-tick-factor=100']",fast,0.212,0.212
281,d9fee782-0ef0-4c57-99ea-bdfc8c956f37,"['-O0' '-fspecialise' '-fdmd-tx-dict-sel' '-fcmm-elim-common-blocks'
 '-fregs-iterative' '-fomit-yields' '-fmax-inline-memcpy-insns=32'
 '-fmax-relevant-binds=6' '-funfolding-use-threshold=60' '-fno-state-hack'
 '-fcse' '-ffun-to-thunk' '-fspec-constr' '-fregs-graph'
 '-fmax-inline-memset-insns=32' '-fliberate-case'
 '-fmax-inline-memcpy-insns=32' '-fexcess-precision'
 '-funbox-strict-fields']",fast,0.214,0.214
282,29f71272-3955-4fe9-9ae3-c3434195e7af,"['-O0' '-fcmm-sink' '-fno-pre-inlining' '-fcross-module-specialise'
 '-fexpose-all-unfoldings' '-fcpr-anal' '-fomit-interface-pragmas'
 '-fignore-interface-pragmas' '-fliberate-case-threshold=2000'
 '-fmax-worker-args=10' '-fsimpl-tick-factor=100'
 '-funfolding-fun-discount=60' '-fenable-rewrite-rules'
 '-funfolding-keeness-factor=1.5' '-fmax-inline-alloc-size=128'
 '-fspecialise' '-fomit-yields' '-funfolding-use-threshold=60'
 '-fstatic-argument-transformation']",fast,0.21,0.21
283,e2d6fd90-0349-48b7-8c46-d6a4839a98e1,"['-O0' '-funfolding-creation-threshold=750' '-funfolding-fun-discount=60'
 '-funfolding-creation-threshold=750' '-fcmm-elim-common-blocks'
 '-fvectorise' '-funfolding-keeness-factor=1.5' '-fcase-merge'
 '-feager-blackholing' '-fregs-graph' '-ffun-to-thunk' '-fno-state-hack'
 '-fenable-rewrite-rules' '-fcase-merge' '-fno-pre-inlining'
 '-fspec-constr-threshold=2000' '-fdicts-cheap' '-foptimal-applicative-do'
 '-funfolding-keeness-factor=1.5']",fast,0.211,0.211
284,eb988303-b831-40c2-aff6-abc1775bde53,"['-O0' '-fomit-interface-pragmas' '-foptimal-applicative-do'
 '-fdicts-strict' '-fregs-graph' '-fdo-eta-reduction'
 '-feager-blackholing' '-flate-dmd-anal' '-fdo-lambda-eta-expansion'
 '-fspec-constr-threshold=2000' '-fregs-graph' '-fregs-graph'
 '-fdo-eta-reduction' '-fcall-arity' '-fstrictness'
 '-funfolding-creation-threshold=750' '-fno-pre-inlining'
 '-feager-blackholing' '-fstrictness-before=1']",fast,0.21,0.21
285,3fb20a62-8b8f-47c5-af82-2e5daa40ab72,"['-O0' '-fcse' '-fstrictness-before=1' '-fexpose-all-unfoldings'
 '-fstatic-argument-transformation' '-fcase-merge' '-fstrictness'
 '-fsimpl-tick-factor=100' '-fmax-relevant-binds=6' '-feager-blackholing'
 '-fmax-worker-args=10' '-fstatic-argument-transformation'
 '-flate-dmd-anal' '-fmax-inline-memcpy-insns=32'
 '-fignore-interface-pragmas' '-fliberate-case-threshold=2000' '-fcse'
 '-fpedantic-bottoms' '-floopification']",fast,0.211,0.211
286,362200e2-35eb-44a6-b676-a1cca83acb28,"['-O0' '-fno-pre-inlining' '-funfolding-keeness-factor=1.5'
 '-funfolding-creation-threshold=750' '-fdicts-strict'
 '-fenable-rewrite-rules' '-fno-state-hack' '-fregs-iterative'
 '-fpedantic-bottoms' '-ffun-to-thunk' '-fdicts-cheap'
 '-fmax-relevant-binds=6' '-fworker-wrapper'
 '-fstatic-argument-transformation' '-fstrictness-before=1'
 '-funbox-strict-fields' '-fdo-lambda-eta-expansion' '-ffloat-in'
 '-fdo-eta-reduction']",fast,0.211,0.211
287,05a67f30-16c9-4778-aca9-79e8cf118287,"['-O0' '-fmax-inline-memcpy-insns=32' '-fpedantic-bottoms'
 '-fmax-simplifier-iterations=4' '-fmax-relevant-binds=6' '-fcall-arity'
 '-funfolding-dict-discount=30' '-fstrictness-before=1'
 '-fno-opt-coercion' '-ffull-laziness' '-fsimplifier-phases=2'
 '-fcpr-anal' '-fdicts-strict' '-fignore-asserts'
 '-fstatic-argument-transformation' '-ffun-to-thunk'
 '-fmax-worker-args=10' '-fstrictness-before=1' '-ffloat-in']",fast,0.211,0.211
288,3b847cca-08ea-4cf9-90ea-514c28d7c4d3,"['-O0' '-fstrictness-before=1' '-fcross-module-specialise'
 '-fcross-module-specialise' '-fno-opt-coercion' '-funbox-strict-fields'
 '-funbox-strict-fields' '-funfolding-fun-discount=60'
 '-foptimal-applicative-do' '-fliberate-case' '-fdmd-tx-dict-sel'
 '-fdo-eta-reduction' '-fliberate-case-threshold=2000'
 '-fpedantic-bottoms' '-fdicts-cheap' '-fvectorise'
 '-fcmm-elim-common-blocks' '-ffull-laziness' '-fregs-iterative']",fast,0.21,0.21
289,46dc444f-f34b-4e27-a1a9-2ab0b1d7647c,"['-O0' '-funfolding-creation-threshold=750' '-fcase-merge'
 '-fspec-constr-count=3' '-fsimplifier-phases=2' '-fdo-eta-reduction'
 '-ffull-laziness' '-fdmd-tx-dict-sel' '-fpedantic-bottoms'
 '-ffun-to-thunk' '-fenable-rewrite-rules' '-feager-blackholing'
 '-floopification' '-fomit-interface-pragmas'
 '-funfolding-dict-discount=30' '-funfolding-use-threshold=60'
 '-fcross-module-specialise' '-fliberate-case-threshold=2000'
 '-fomit-yields']",fast,0.212,0.212
290,3d27e1e1-4cb1-48dc-90a9-9c874f012d88,"['-O0' '-fcpr-anal' '-fcross-module-specialise'
 '-fdo-lambda-eta-expansion' '-fspecialise' '-fignore-asserts'
 '-fregs-iterative' '-fspec-constr-count=3' '-funbox-strict-fields'
 '-fdo-lambda-eta-expansion' '-fvectorisation-avoidance' '-fliberate-case'
 '-flate-dmd-anal' '-fspec-constr-count=3' '-fno-pre-inlining'
 '-fsimplifier-phases=2' '-fspec-constr-count=3'
 '-fmax-inline-memset-insns=32' '-fcross-module-specialise']",fast,0.211,0.211
291,c389c2e7-d931-4714-acf8-d0db9445a0c7,"['-O0' '-fmax-relevant-binds=6' '-fcross-module-specialise'
 '-fpedantic-bottoms' '-fenable-rewrite-rules' '-fspecialise'
 '-ffull-laziness' '-ffun-to-thunk' '-feager-blackholing'
 '-fmax-inline-memset-insns=32' '-funfolding-keeness-factor=1.5'
 '-fsimplifier-phases=2' '-fcase-merge' '-fmax-worker-args=10'
 '-fmax-simplifier-iterations=4' '-fstatic-argument-transformation'
 '-funfolding-use-threshold=60' '-fregs-graph' '-floopification']",fast,0.211,0.211
292,315f732a-3741-4696-a222-8fc28e622f8b,"['-O0' '-fcpr-anal' '-feager-blackholing' '-ffull-laziness'
 '-flate-dmd-anal' '-fstrictness-before=1' '-fomit-interface-pragmas'
 '-fcmm-elim-common-blocks' '-fno-opt-coercion' '-fignore-asserts'
 '-fworker-wrapper' '-fworker-wrapper' '-fregs-graph' '-fliberate-case'
 '-fdicts-cheap' '-fdicts-cheap' '-fvectorisation-avoidance'
 '-fno-pre-inlining' '-fomit-yields']",fast,0.211,0.211
293,b114eac6-e58e-4528-b1a1-bea452b5217e,"['-O0' '-fregs-iterative' '-fspec-constr-count=3' '-fregs-iterative'
 '-fmax-inline-memcpy-insns=32' '-fvectorisation-avoidance'
 '-funfolding-fun-discount=60' '-ffloat-in' '-fcase-merge'
 '-fspec-constr-threshold=2000' '-fcmm-elim-common-blocks'
 '-fspec-constr-count=3' '-fno-pre-inlining'
 '-funfolding-use-threshold=60' '-fcpr-anal' '-foptimal-applicative-do'
 '-fvectorise' '-fdo-lambda-eta-expansion' '-fsimplifier-phases=2']",fast,0.212,0.212
294,ceb130d3-9f0d-4ec2-8939-c6242cebac5c,"['-O0' '-fmax-inline-memcpy-insns=32' '-fcmm-elim-common-blocks'
 '-fstatic-argument-transformation' '-fcall-arity' '-fstrictness'
 '-fomit-interface-pragmas' '-fvectorisation-avoidance'
 '-fspec-constr-count=3' '-flate-dmd-anal' '-fstrictness-before=1'
 '-fcross-module-specialise' '-funbox-small-strict-fields' '-fregs-graph'
 '-floopification' '-fmax-inline-memset-insns=32' '-floopification'
 '-fmax-relevant-binds=6' '-fspec-constr-threshold=2000']",fast,0.21,0.21
295,79514743-3a20-4a3a-a450-71cdc3a95738,"['-O0' '-floopification' '-funbox-strict-fields' '-ffull-laziness'
 '-fsimplifier-phases=2' '-fregs-iterative' '-fdicts-cheap'
 '-fignore-interface-pragmas' '-funbox-strict-fields' '-fcall-arity'
 '-fmax-worker-args=10' '-fcpr-anal' '-fomit-interface-pragmas'
 '-ffull-laziness' '-fvectorisation-avoidance'
 '-funfolding-use-threshold=60' '-fdmd-tx-dict-sel' '-fomit-yields'
 '-fvectorise']",fast,0.21,0.21
296,ea564071-1cbc-4c36-9dce-2b11229acee1,"['-O0' '-fmax-inline-alloc-size=128' '-fliberate-case-threshold=2000'
 '-fspec-constr-threshold=2000' '-ffun-to-thunk' '-ffloat-in'
 '-fmax-relevant-binds=6' '-fcmm-sink' '-fno-pre-inlining' '-fstrictness'
 '-fspec-constr-threshold=2000' '-fcmm-elim-common-blocks' '-fdicts-cheap'
 '-ffun-to-thunk' '-fspec-constr' '-fmax-inline-alloc-size=128'
 '-fstrictness-before=1' '-fomit-yields' '-fliberate-case']",fast,0.212,0.212
297,c11fe9ba-4efd-4084-b43d-a4cc7359865a,"['-O0' '-fno-state-hack' '-ffun-to-thunk' '-fpedantic-bottoms'
 '-fomit-yields' '-funbox-strict-fields' '-fliberate-case'
 '-funfolding-creation-threshold=750' '-fomit-interface-pragmas'
 '-fdicts-cheap' '-funfolding-use-threshold=60' '-fregs-iterative'
 '-funfolding-keeness-factor=1.5' '-fignore-interface-pragmas'
 '-fstrictness-before=1' '-feager-blackholing'
 '-fliberate-case-threshold=2000' '-fomit-interface-pragmas'
 '-funfolding-keeness-factor=1.5']",fast,0.21,0.21
298,c1359c63-fb49-4dba-a847-98c237aae3f6,"['-O0' '-fomit-interface-pragmas' '-funbox-strict-fields'
 '-foptimal-applicative-do' '-fspec-constr' '-floopification'
 '-fenable-rewrite-rules' '-fmax-simplifier-iterations=4'
 '-fcmm-elim-common-blocks' '-fenable-rewrite-rules' '-fcpr-anal'
 '-fignore-interface-pragmas' '-fspecialise'
 '-funfolding-keeness-factor=1.5' '-fvectorisation-avoidance' '-ffloat-in'
 '-fstrictness' '-funfolding-creation-threshold=750'
 '-fstrictness-before=1']",fast,0.211,0.211
299,94f007c6-0958-4a9c-b6b8-81ae8375ac7b,"['-O0' '-ffull-laziness' '-fno-opt-coercion' '-fcall-arity'
 '-fexpose-all-unfoldings' '-fdicts-cheap' '-fstrictness-before=1'
 '-ffun-to-thunk' '-funbox-strict-fields' '-floopification' '-fcase-merge'
 '-fcross-module-specialise' '-flate-dmd-anal'
 '-fmax-inline-alloc-size=128' '-fcase-merge' '-fcross-module-specialise'
 '-fcall-arity' '-funfolding-dict-discount=30' '-feager-blackholing']",fast,0.213,0.213
300,5d02cf1f-bf92-4cf4-acc6-26f5048ed144,"['-O0' '-fspec-constr-count=3' '-fliberate-case-threshold=2000'
 '-fcase-merge' '-ffloat-in' '-fdicts-strict' '-fcpr-anal'
 '-fexpose-all-unfoldings' '-foptimal-applicative-do'
 '-fomit-interface-pragmas' '-ffull-laziness' '-ffloat-in'
 '-foptimal-applicative-do' '-fregs-graph' '-fdicts-cheap'
 '-funfolding-use-threshold=60' '-fignore-interface-pragmas'
 '-fexcess-precision' '-funbox-small-strict-fields']",fast,0.211,0.211
301,4ca07ce5-44a8-452b-a1fe-79a4731c2fd9,"['-O0' '-fspec-constr' '-fstatic-argument-transformation'
 '-fignore-interface-pragmas' '-fmax-inline-alloc-size=128'
 '-fignore-asserts' '-fmax-inline-memcpy-insns=32'
 '-funfolding-dict-discount=30' '-funfolding-use-threshold=60'
 '-fvectorisation-avoidance' '-fspec-constr-count=3'
 '-funfolding-use-threshold=60' '-fcase-merge' '-fexpose-all-unfoldings'
 '-fcross-module-specialise' '-fsimpl-tick-factor=100'
 '-funfolding-fun-discount=60' '-fignore-interface-pragmas'
 '-funfolding-creation-threshold=750']",fast,0.211,0.211
302,25c32bc6-23a4-409d-89b8-a7466b4bcb26,"['-O0' '-fno-opt-coercion' '-fworker-wrapper' '-fsimplifier-phases=2'
 '-fdo-lambda-eta-expansion' '-fdo-lambda-eta-expansion'
 '-funfolding-use-threshold=60' '-fomit-yields' '-fdmd-tx-dict-sel'
 '-fmax-inline-alloc-size=128' '-funfolding-dict-discount=30'
 '-fdicts-strict' '-fdicts-cheap' '-fno-state-hack'
 '-fmax-inline-memcpy-insns=32' '-floopification' '-fsimplifier-phases=2'
 '-fcase-merge' '-fdicts-cheap']",fast,0.212,0.212
303,82055866-8854-4b82-aac5-198165716170,"['-O0' '-fenable-rewrite-rules' '-funbox-small-strict-fields'
 '-funfolding-use-threshold=60' '-fcase-merge' '-fdicts-strict'
 '-fcpr-anal' '-fcpr-anal' '-fdo-lambda-eta-expansion'
 '-fvectorisation-avoidance' '-fpedantic-bottoms'
 '-funfolding-use-threshold=60' '-fsimplifier-phases=2'
 '-fliberate-case-threshold=2000' '-fpedantic-bottoms' '-fregs-graph'
 '-fexpose-all-unfoldings' '-fstrictness' '-fmax-simplifier-iterations=4']",fast,0.212,0.212
304,fa1e001b-43d5-448d-9dff-f99b122732c4,"['-O0' '-funbox-small-strict-fields' '-fno-pre-inlining'
 '-fomit-interface-pragmas' '-fstrictness' '-fno-opt-coercion'
 '-funfolding-creation-threshold=750' '-funfolding-dict-discount=30'
 '-fmax-simplifier-iterations=4' '-fstatic-argument-transformation'
 '-fexcess-precision' '-fspec-constr' '-fdmd-tx-dict-sel'
 '-fignore-asserts' '-ffloat-in' '-fignore-asserts'
 '-funfolding-dict-discount=30' '-fdo-lambda-eta-expansion'
 '-fignore-asserts']",fast,0.211,0.211
305,d3671e20-6f94-4cf5-871e-7e81429cb9ea,"['-O0' '-fexpose-all-unfoldings' '-funfolding-creation-threshold=750'
 '-fcmm-sink' '-fsimpl-tick-factor=100' '-funbox-small-strict-fields'
 '-fcall-arity' '-fexpose-all-unfoldings' '-fomit-interface-pragmas'
 '-funfolding-creation-threshold=750' '-fsimplifier-phases=2'
 '-funfolding-dict-discount=30' '-fenable-rewrite-rules'
 '-fomit-interface-pragmas' '-fno-pre-inlining' '-fliberate-case'
 '-fdicts-cheap' '-fno-opt-coercion' '-fmax-worker-args=10']",fast,0.212,0.212
306,932cdfce-dac3-4518-8660-7da1a195b2ff,"['-O0' '-fvectorisation-avoidance' '-fpedantic-bottoms' '-fignore-asserts'
 '-fmax-simplifier-iterations=4' '-fignore-interface-pragmas'
 '-fspecialise' '-fmax-simplifier-iterations=4' '-fspec-constr-count=3'
 '-fignore-asserts' '-fmax-inline-alloc-size=128' '-fno-pre-inlining'
 '-fomit-yields' '-fdmd-tx-dict-sel' '-fvectorisation-avoidance'
 '-fexcess-precision' '-fspecialise' '-fsimplifier-phases=2'
 '-ffun-to-thunk']",fast,0.211,0.211
307,bd72a271-e266-4922-a523-f9591ba90f10,"['-O0' '-fcall-arity' '-funfolding-dict-discount=30'
 '-funbox-small-strict-fields' '-funbox-small-strict-fields'
 '-fomit-interface-pragmas' '-feager-blackholing'
 '-fvectorisation-avoidance' '-funfolding-use-threshold=60'
 '-funfolding-use-threshold=60' '-foptimal-applicative-do' '-fcase-merge'
 '-fdo-eta-reduction' '-fno-pre-inlining' '-foptimal-applicative-do'
 '-funbox-strict-fields' '-flate-dmd-anal' '-fspec-constr-count=3'
 '-fno-pre-inlining']",fast,0.21,0.21
308,51b1a4f3-f730-42ff-a8cd-0b4d2f3d9c80,"['-O0' '-fmax-inline-alloc-size=128' '-fdicts-cheap' '-floopification'
 '-fvectorise' '-fomit-interface-pragmas' '-fomit-yields'
 '-fno-opt-coercion' '-fsimplifier-phases=2' '-fno-state-hack'
 '-fdo-eta-reduction' '-feager-blackholing' '-fmax-worker-args=10'
 '-fspec-constr' '-fcse' '-fpedantic-bottoms' '-fdicts-strict'
 '-fdo-lambda-eta-expansion' '-fmax-inline-memset-insns=32']",fast,0.212,0.212
309,3c4e0e87-61be-4701-a587-ac4d217be6e2,"['-O0' '-fdo-eta-reduction' '-fdmd-tx-dict-sel' '-ffull-laziness'
 '-fmax-relevant-binds=6' '-fvectorise' '-funfolding-keeness-factor=1.5'
 '-fsimplifier-phases=2' '-fenable-rewrite-rules' '-fcse'
 '-fspec-constr-threshold=2000' '-fcase-merge' '-fdicts-strict'
 '-fcall-arity' '-fmax-inline-memset-insns=32' '-fregs-graph'
 '-funfolding-use-threshold=60' '-fpedantic-bottoms'
 '-funfolding-use-threshold=60']",fast,0.212,0.212
310,ad8632c2-df86-4331-b88a-a970e7c3b206,"['-O0' '-fliberate-case-threshold=2000' '-fenable-rewrite-rules'
 '-fdo-eta-reduction' '-fexpose-all-unfoldings' '-fpedantic-bottoms'
 '-fcross-module-specialise' '-fmax-inline-memset-insns=32'
 '-fcross-module-specialise' '-fno-pre-inlining' '-fsimplifier-phases=2'
 '-fdicts-cheap' '-fregs-graph' '-fcmm-sink' '-fworker-wrapper'
 '-fspec-constr-threshold=2000' '-fspecialise' '-fdo-lambda-eta-expansion'
 '-funfolding-fun-discount=60']",fast,0.212,0.212
311,a06cdf4e-ce6b-41e5-b92a-5bcd50497f01,"['-O0' '-fcse' '-flate-dmd-anal' '-fno-pre-inlining' '-feager-blackholing'
 '-fno-pre-inlining' '-feager-blackholing' '-fmax-relevant-binds=6'
 '-foptimal-applicative-do' '-fexpose-all-unfoldings' '-fexcess-precision'
 '-fno-pre-inlining' '-fmax-relevant-binds=6' '-fregs-iterative'
 '-flate-dmd-anal' '-fno-opt-coercion' '-fomit-yields' '-fdmd-tx-dict-sel'
 '-fno-opt-coercion']",fast,0.211,0.211
312,344de791-367c-422c-9d49-4ce1b54c81bc,"['-O0' '-fpedantic-bottoms' '-funfolding-keeness-factor=1.5'
 '-fno-pre-inlining' '-fmax-inline-alloc-size=128'
 '-fliberate-case-threshold=2000' '-funfolding-fun-discount=60'
 '-fno-pre-inlining' '-fomit-yields' '-fomit-interface-pragmas'
 '-fdicts-cheap' '-fmax-relevant-binds=6' '-fno-opt-coercion'
 '-foptimal-applicative-do' '-fexcess-precision' '-fvectorise' '-fcse'
 '-fcase-merge' '-fvectorisation-avoidance']",fast,0.212,0.212
313,a2b5731c-1b68-4a8e-9ecb-9f73e3d4db72,"['-O0' '-fdicts-strict' '-ffloat-in' '-fliberate-case'
 '-funfolding-dict-discount=30' '-fomit-interface-pragmas'
 '-fregs-iterative' '-funfolding-creation-threshold=750'
 '-fno-opt-coercion' '-fcase-merge' '-funbox-strict-fields'
 '-fmax-inline-memset-insns=32' '-funfolding-fun-discount=60'
 '-fdicts-cheap' '-fstrictness' '-ffull-laziness' '-ffun-to-thunk'
 '-fomit-yields' '-fregs-graph']",fast,0.212,0.212
314,848f577f-5b82-4a0f-ad53-9d0746a0158f,"['-O0' '-fliberate-case-threshold=2000' '-fcmm-sink' '-fno-opt-coercion'
 '-fregs-iterative' '-fcpr-anal' '-funbox-small-strict-fields'
 '-fsimpl-tick-factor=100' '-fcmm-sink' '-fpedantic-bottoms'
 '-fignore-interface-pragmas' '-fvectorisation-avoidance'
 '-funfolding-use-threshold=60' '-fcse' '-funfolding-dict-discount=30'
 '-fregs-iterative' '-fworker-wrapper' '-fmax-worker-args=10'
 '-fomit-yields']",fast,0.211,0.211
315,706da04c-3855-471d-a164-6b82d179463a,"['-O0' '-fexcess-precision' '-funbox-small-strict-fields' '-fdicts-strict'
 '-fstatic-argument-transformation' '-fexpose-all-unfoldings'
 '-fmax-worker-args=10' '-fcross-module-specialise'
 '-fenable-rewrite-rules' '-fcall-arity' '-fspecialise'
 '-fmax-inline-memset-insns=32' '-fexpose-all-unfoldings'
 '-fspec-constr-count=3' '-feager-blackholing'
 '-funfolding-dict-discount=30' '-fregs-iterative'
 '-funfolding-creation-threshold=750' '-fstatic-argument-transformation']",fast,0.211,0.211
316,f41d284b-0a02-48f3-bcf4-7fd9e6b6cb1b,"['-O0' '-fvectorise' '-floopification' '-fomit-interface-pragmas'
 '-fliberate-case' '-fno-opt-coercion' '-fno-opt-coercion'
 '-fno-pre-inlining' '-fno-opt-coercion' '-fdmd-tx-dict-sel'
 '-flate-dmd-anal' '-fsimplifier-phases=2' '-fmax-simplifier-iterations=4'
 '-fregs-iterative' '-fdicts-strict' '-fignore-interface-pragmas'
 '-feager-blackholing' '-fspec-constr-count=3' '-fspec-constr-count=3']",fast,0.212,0.212
317,c28f4cbc-dc22-4dee-810c-b3cfca8eebf4,"['-O0' '-fignore-interface-pragmas' '-fno-opt-coercion'
 '-funfolding-keeness-factor=1.5' '-fignore-asserts'
 '-funfolding-keeness-factor=1.5' '-ffull-laziness'
 '-fignore-interface-pragmas' '-fliberate-case' '-fenable-rewrite-rules'
 '-fmax-simplifier-iterations=4' '-fspec-constr-count=3'
 '-fmax-worker-args=10' '-fignore-interface-pragmas' '-fdmd-tx-dict-sel'
 '-fno-pre-inlining' '-fdicts-strict' '-funfolding-dict-discount=30'
 '-fsimpl-tick-factor=100']",fast,0.212,0.212
318,f3769b38-a6b3-4bc9-b6b6-e7857dd47750,"['-O0' '-fno-opt-coercion' '-ffull-laziness' '-fspecialise' '-fcall-arity'
 '-fcall-arity' '-fcmm-sink' '-ffun-to-thunk'
 '-funfolding-creation-threshold=750' '-ffull-laziness'
 '-fdmd-tx-dict-sel' '-ffun-to-thunk' '-fcmm-sink'
 '-fomit-interface-pragmas' '-fmax-inline-memcpy-insns=32'
 '-fignore-asserts' '-fregs-iterative' '-feager-blackholing'
 '-fmax-worker-args=10']",fast,0.212,0.212
319,d70ce55d-4b64-49bd-b6e8-bf3c84654cb5,"['-O0' '-fmax-relevant-binds=6' '-fcall-arity' '-fsimplifier-phases=2'
 '-funfolding-keeness-factor=1.5' '-fvectorise' '-fcmm-sink'
 '-funfolding-keeness-factor=1.5' '-fregs-iterative' '-feager-blackholing'
 '-fmax-worker-args=10' '-fspec-constr-count=3' '-fworker-wrapper'
 '-flate-dmd-anal' '-funfolding-keeness-factor=1.5' '-ffloat-in'
 '-fspec-constr-count=3' '-fdicts-cheap' '-fexpose-all-unfoldings']",fast,0.211,0.211
320,8acc6e75-4495-4955-9b11-f7d3a1dced75,"['-O0' '-fcross-module-specialise' '-fspec-constr-count=3'
 '-fcmm-elim-common-blocks' '-fcse' '-fcmm-elim-common-blocks'
 '-fcmm-sink' '-fstatic-argument-transformation' '-fdicts-cheap'
 '-funbox-strict-fields' '-funbox-small-strict-fields' '-fno-pre-inlining'
 '-funfolding-creation-threshold=750' '-fdo-lambda-eta-expansion'
 '-fspec-constr-threshold=2000' '-funfolding-fun-discount=60'
 '-funfolding-use-threshold=60' '-fsimplifier-phases=2' '-fdicts-strict']",fast,0.211,0.211
321,da5e8fc7-af22-4da1-87f4-e8dc8d036440,"['-O0' '-funbox-small-strict-fields' '-fspec-constr-count=3'
 '-fworker-wrapper' '-fdo-lambda-eta-expansion' '-fregs-graph'
 '-fomit-yields' '-fstatic-argument-transformation' '-fdicts-strict'
 '-fmax-inline-memcpy-insns=32' '-fomit-yields' '-fcall-arity'
 '-fignore-asserts' '-fpedantic-bottoms' '-fno-opt-coercion'
 '-funfolding-keeness-factor=1.5' '-fexcess-precision'
 '-fdo-eta-reduction' '-funbox-small-strict-fields']",fast,0.211,0.211
322,781840e9-1eac-48b4-b531-88d302f4a4e8,"['-O0' '-fignore-asserts' '-fliberate-case-threshold=2000' '-fstrictness'
 '-fworker-wrapper' '-funbox-small-strict-fields'
 '-fcross-module-specialise' '-fno-opt-coercion' '-fomit-yields'
 '-fregs-graph' '-fcase-merge' '-fspec-constr-count=3'
 '-fmax-inline-alloc-size=128' '-fdicts-cheap' '-ffloat-in'
 '-fno-state-hack' '-funbox-strict-fields' '-fignore-asserts'
 '-fomit-interface-pragmas']",fast,0.21,0.21
323,55581b9f-c038-4842-82bc-6724f72d14fa,"['-O0' '-funbox-small-strict-fields' '-fsimpl-tick-factor=100'
 '-funfolding-use-threshold=60' '-fcse' '-fcross-module-specialise'
 '-floopification' '-funbox-small-strict-fields' '-fdicts-strict'
 '-foptimal-applicative-do' '-funfolding-dict-discount=30'
 '-funbox-small-strict-fields' '-ffloat-in'
 '-funfolding-keeness-factor=1.5' '-flate-dmd-anal'
 '-fstatic-argument-transformation' '-fno-pre-inlining' '-fliberate-case'
 '-fliberate-case']",fast,0.212,0.212
324,797da75c-c977-4cc2-abd1-9b764398cc48,"['-O0' '-fdo-eta-reduction' '-fcmm-elim-common-blocks'
 '-fmax-relevant-binds=6' '-fcross-module-specialise'
 '-funfolding-use-threshold=60' '-fenable-rewrite-rules'
 '-funfolding-keeness-factor=1.5' '-funfolding-fun-discount=60'
 '-fregs-graph' '-fexpose-all-unfoldings' '-fspecialise'
 '-funfolding-creation-threshold=750' '-fcpr-anal'
 '-fspec-constr-threshold=2000' '-funfolding-creation-threshold=750'
 '-funfolding-dict-discount=30' '-fpedantic-bottoms' '-fregs-iterative']",fast,0.211,0.211
325,092ffbeb-91ed-4adb-af44-c08ad572c155,"['-O0' '-fexpose-all-unfoldings' '-fomit-interface-pragmas' '-fcall-arity'
 '-fmax-inline-memcpy-insns=32' '-fmax-worker-args=10' '-fignore-asserts'
 '-fspec-constr-threshold=2000' '-funfolding-creation-threshold=750'
 '-fvectorisation-avoidance' '-funfolding-keeness-factor=1.5'
 '-fpedantic-bottoms' '-flate-dmd-anal' '-flate-dmd-anal' '-fspecialise'
 '-feager-blackholing' '-foptimal-applicative-do'
 '-fexpose-all-unfoldings' '-fmax-inline-alloc-size=128']",fast,0.21,0.21
326,f4d445ff-344d-4e50-8606-691415aaf701,"['-O0' '-fcmm-elim-common-blocks' '-fsimpl-tick-factor=100' '-fcpr-anal'
 '-fmax-inline-memcpy-insns=32' '-ffull-laziness' '-fno-pre-inlining'
 '-fignore-interface-pragmas' '-feager-blackholing' '-fdo-eta-reduction'
 '-fsimpl-tick-factor=100' '-fmax-inline-memcpy-insns=32'
 '-floopification' '-fignore-interface-pragmas' '-fenable-rewrite-rules'
 '-fdicts-strict' '-fmax-inline-memcpy-insns=32' '-fdicts-strict'
 '-fomit-interface-pragmas']",fast,0.211,0.211
327,edd0c6dd-9cc0-47e5-bf30-80ce4796d860,"['-O0' '-fdo-lambda-eta-expansion' '-fexcess-precision' '-fstrictness'
 '-fdo-lambda-eta-expansion' '-fomit-yields' '-fexpose-all-unfoldings'
 '-floopification' '-fcpr-anal' '-fspec-constr-threshold=2000'
 '-fomit-interface-pragmas' '-fno-opt-coercion' '-fspec-constr-count=3'
 '-fcse' '-ffull-laziness' '-fmax-simplifier-iterations=4'
 '-fmax-inline-alloc-size=128' '-fvectorisation-avoidance'
 '-fmax-worker-args=10']",fast,0.211,0.211
328,828619e1-abbe-4c20-85b2-c1a1deeec4bc,"['-O0' '-fdmd-tx-dict-sel' '-fcross-module-specialise'
 '-fstrictness-before=1' '-fdicts-cheap' '-fvectorisation-avoidance'
 '-fdicts-strict' '-fsimplifier-phases=2' '-fcross-module-specialise'
 '-fmax-simplifier-iterations=4' '-fworker-wrapper' '-fexcess-precision'
 '-funfolding-use-threshold=60' '-fsimplifier-phases=2'
 '-funfolding-dict-discount=30' '-fcpr-anal' '-fdicts-cheap'
 '-fignore-asserts' '-fliberate-case']",fast,0.211,0.211
329,743cf4b6-cea4-4b34-ad9f-f25f23c7cb2f,"['-O0' '-fcse' '-fsimpl-tick-factor=100' '-funbox-strict-fields'
 '-ffloat-in' '-fcross-module-specialise' '-funfolding-fun-discount=60'
 '-fregs-iterative' '-fcse' '-fcmm-sink' '-fno-opt-coercion'
 '-fstatic-argument-transformation' '-fomit-yields'
 '-funfolding-dict-discount=30' '-fspec-constr' '-fspecialise'
 '-foptimal-applicative-do' '-fomit-interface-pragmas' '-fregs-iterative']",fast,0.21,0.21
330,9f621828-40f4-4e95-b48e-57278fdf9ed7,"['-O0' '-fmax-simplifier-iterations=4' '-funbox-small-strict-fields'
 '-feager-blackholing' '-fmax-inline-memcpy-insns=32' '-ffull-laziness'
 '-floopification' '-fmax-worker-args=10' '-fmax-inline-memset-insns=32'
 '-ffull-laziness' '-fdicts-cheap' '-funfolding-keeness-factor=1.5'
 '-fdo-eta-reduction' '-fsimplifier-phases=2' '-ffull-laziness'
 '-fenable-rewrite-rules' '-feager-blackholing' '-fno-state-hack'
 '-fsimpl-tick-factor=100']",fast,0.213,0.213
331,70ea2d7b-bd17-4dd6-bb13-528c3ad16102,"['-O0' '-flate-dmd-anal' '-feager-blackholing'
 '-fspec-constr-threshold=2000' '-fdicts-strict'
 '-funfolding-use-threshold=60' '-fmax-inline-memcpy-insns=32'
 '-fignore-interface-pragmas' '-fdicts-cheap' '-floopification'
 '-funfolding-creation-threshold=750' '-fspec-constr-threshold=2000'
 '-fspec-constr-threshold=2000' '-fliberate-case'
 '-fcmm-elim-common-blocks' '-fmax-simplifier-iterations=4' '-fcase-merge'
 '-fworker-wrapper' '-fvectorise']",fast,0.214,0.214
332,074e70e3-74a2-42ce-a2de-7493ddbc93be,"['-O0' '-fomit-yields' '-fvectorise' '-fexpose-all-unfoldings'
 '-floopification' '-fliberate-case' '-fomit-interface-pragmas'
 '-fdicts-cheap' '-fno-opt-coercion' '-fmax-inline-memset-insns=32'
 '-fstatic-argument-transformation' '-fregs-iterative'
 '-fpedantic-bottoms' '-fdicts-cheap' '-fspec-constr-threshold=2000'
 '-fliberate-case-threshold=2000' '-feager-blackholing' '-fcase-merge'
 '-funfolding-dict-discount=30']",fast,0.213,0.213
333,a6a0f44b-125d-423b-9f06-4423cbf8a01c,"['-O0' '-fcse' '-fmax-inline-memset-insns=32'
 '-fstatic-argument-transformation' '-fdicts-strict' '-fregs-iterative'
 '-fexcess-precision' '-fdmd-tx-dict-sel' '-flate-dmd-anal'
 '-fliberate-case' '-floopification' '-fdicts-cheap'
 '-fmax-inline-memcpy-insns=32' '-fmax-worker-args=10'
 '-fexcess-precision' '-fcall-arity' '-ffull-laziness' '-fvectorise'
 '-fmax-relevant-binds=6']",fast,0.211,0.211
334,62b5c8e5-41d3-455f-85ca-94e5a992dc7e,"['-O0' '-fcross-module-specialise' '-ffun-to-thunk' '-fcmm-sink'
 '-fvectorisation-avoidance' '-fsimplifier-phases=2'
 '-funbox-strict-fields' '-foptimal-applicative-do'
 '-funbox-strict-fields' '-fignore-asserts' '-fvectorisation-avoidance'
 '-fcmm-sink' '-fcase-merge' '-foptimal-applicative-do'
 '-funfolding-use-threshold=60' '-funfolding-creation-threshold=750'
 '-fdmd-tx-dict-sel' '-fmax-inline-memset-insns=32'
 '-funfolding-fun-discount=60']",fast,0.216,0.216
335,aa1226fb-5ce4-4d1d-93bc-1bb3c489b74e,"['-O0' '-ffloat-in' '-fexpose-all-unfoldings' '-fdicts-strict'
 '-fliberate-case-threshold=2000' '-fcall-arity'
 '-fmax-simplifier-iterations=4' '-fmax-inline-alloc-size=128'
 '-fno-pre-inlining' '-fcmm-elim-common-blocks'
 '-funfolding-keeness-factor=1.5' '-fcpr-anal'
 '-fignore-interface-pragmas' '-fignore-interface-pragmas'
 '-fmax-relevant-binds=6' '-flate-dmd-anal' '-fexcess-precision'
 '-fsimplifier-phases=2' '-fmax-inline-memset-insns=32']",fast,0.213,0.213
336,038d0760-7e7a-45ad-a99b-ad3a1145555d,"['-O0' '-fstrictness-before=1' '-fspecialise' '-fcase-merge'
 '-fstrictness' '-feager-blackholing' '-fliberate-case-threshold=2000'
 '-fspec-constr-threshold=2000' '-fmax-inline-memset-insns=32'
 '-fomit-yields' '-fvectorise' '-fexcess-precision'
 '-funfolding-use-threshold=60' '-fcase-merge' '-flate-dmd-anal'
 '-fomit-yields' '-funfolding-use-threshold=60' '-fcall-arity'
 '-fdo-eta-reduction']",fast,0.21,0.21
337,5e7ae0d4-2681-4e9d-86fd-be69ca970eec,"['-O0' '-fignore-interface-pragmas' '-fcpr-anal' '-fworker-wrapper'
 '-ffun-to-thunk' '-fcall-arity' '-fliberate-case-threshold=2000'
 '-funfolding-dict-discount=30' '-floopification'
 '-fcmm-elim-common-blocks' '-fomit-yields'
 '-fmax-simplifier-iterations=4' '-fliberate-case' '-fmax-worker-args=10'
 '-ffloat-in' '-fspecialise' '-fdicts-cheap' '-fspec-constr-count=3'
 '-ffun-to-thunk']",fast,0.212,0.212
338,bf6225c0-2169-408a-a0b1-d7773f5b0db5,"['-O0' '-fexpose-all-unfoldings' '-foptimal-applicative-do'
 '-fignore-asserts' '-fworker-wrapper' '-fsimpl-tick-factor=100'
 '-fliberate-case-threshold=2000' '-fspec-constr-threshold=2000'
 '-fmax-inline-alloc-size=128' '-foptimal-applicative-do'
 '-fdo-lambda-eta-expansion' '-fvectorise' '-fdmd-tx-dict-sel'
 '-fpedantic-bottoms' '-floopification' '-ffull-laziness'
 '-funfolding-creation-threshold=750' '-fsimpl-tick-factor=100'
 '-fignore-asserts']",fast,0.211,0.211
339,e4195dd2-d66a-4b3d-aed0-11756c112a61,"['-O0' '-fdo-eta-reduction' '-fdicts-strict' '-funbox-small-strict-fields'
 '-fcpr-anal' '-fregs-iterative' '-fpedantic-bottoms'
 '-fspec-constr-count=3' '-funfolding-creation-threshold=750'
 '-foptimal-applicative-do' '-fno-opt-coercion'
 '-fdo-lambda-eta-expansion' '-fsimpl-tick-factor=100' '-fdicts-cheap'
 '-fcse' '-fsimpl-tick-factor=100' '-fregs-graph' '-fcase-merge'
 '-funfolding-keeness-factor=1.5']",fast,0.212,0.212
340,9c950063-701e-479c-bbda-6e95beda7f71,"['-O0' '-fspec-constr-count=3' '-fignore-interface-pragmas'
 '-funbox-small-strict-fields' '-funfolding-keeness-factor=1.5'
 '-fliberate-case' '-funfolding-dict-discount=30' '-fcpr-anal'
 '-fliberate-case' '-foptimal-applicative-do' '-fdicts-cheap'
 '-fvectorisation-avoidance' '-fstatic-argument-transformation'
 '-fworker-wrapper' '-feager-blackholing' '-fcase-merge'
 '-funfolding-fun-discount=60' '-flate-dmd-anal' '-fexpose-all-unfoldings']",fast,0.212,0.212
341,579b9e1c-2aa4-442c-80a4-3d3d65b5ff87,"['-O0' '-fstatic-argument-transformation' '-fenable-rewrite-rules' '-fcse'
 '-foptimal-applicative-do' '-fmax-inline-alloc-size=128'
 '-funbox-small-strict-fields' '-fcross-module-specialise'
 '-fno-state-hack' '-ffun-to-thunk' '-funfolding-dict-discount=30'
 '-fspec-constr-count=3' '-fmax-inline-memcpy-insns=32'
 '-fmax-simplifier-iterations=4' '-funbox-small-strict-fields'
 '-fenable-rewrite-rules' '-fworker-wrapper' '-fcase-merge'
 '-fdo-lambda-eta-expansion']",fast,0.211,0.211
342,eeabc722-0261-4cde-a9d7-318c63146ccf,"['-O0' '-fworker-wrapper' '-fno-opt-coercion'
 '-fmax-inline-alloc-size=128' '-fsimpl-tick-factor=100' '-ffun-to-thunk'
 '-fcpr-anal' '-ffloat-in' '-fworker-wrapper' '-fregs-graph'
 '-fregs-graph' '-ffloat-in' '-funfolding-fun-discount=60' '-fomit-yields'
 '-fenable-rewrite-rules' '-fspec-constr-threshold=2000'
 '-fmax-inline-memcpy-insns=32' '-fdo-eta-reduction'
 '-fmax-worker-args=10']",fast,0.211,0.211
343,ea066a3e-096c-4834-b3f4-bb354586efd6,"['-O0' '-funbox-small-strict-fields' '-fcmm-elim-common-blocks'
 '-fomit-yields' '-funfolding-fun-discount=60' '-fomit-interface-pragmas'
 '-fvectorisation-avoidance' '-fspecialise' '-fmax-inline-alloc-size=128'
 '-fexpose-all-unfoldings' '-fdmd-tx-dict-sel' '-fignore-asserts'
 '-fcross-module-specialise' '-fspec-constr' '-fdo-eta-reduction'
 '-fomit-interface-pragmas' '-fdo-eta-reduction'
 '-fmax-simplifier-iterations=4' '-fcmm-elim-common-blocks']",fast,0.211,0.211
344,3166dba3-1bad-4dec-8620-f5d8e21cc481,"['-O0' '-fdicts-strict' '-fdicts-strict' '-fcross-module-specialise'
 '-fspec-constr-threshold=2000' '-fmax-worker-args=10'
 '-fexcess-precision' '-funfolding-keeness-factor=1.5'
 '-funfolding-dict-discount=30' '-funfolding-keeness-factor=1.5'
 '-fmax-simplifier-iterations=4' '-funfolding-dict-discount=30'
 '-fregs-iterative' '-fcase-merge' '-fexpose-all-unfoldings'
 '-fmax-inline-memcpy-insns=32' '-foptimal-applicative-do'
 '-fignore-asserts' '-fpedantic-bottoms']",fast,0.21,0.21
345,271070ec-84c1-4dbd-9adb-ab1d672e668b,"['-O0' '-fenable-rewrite-rules' '-fdo-lambda-eta-expansion'
 '-fdicts-strict' '-fstatic-argument-transformation'
 '-fspec-constr-count=3' '-fno-state-hack' '-floopification'
 '-feager-blackholing' '-fstatic-argument-transformation'
 '-fno-opt-coercion' '-funfolding-keeness-factor=1.5'
 '-funfolding-keeness-factor=1.5' '-fmax-worker-args=10'
 '-fdo-eta-reduction' '-fignore-interface-pragmas' '-fliberate-case'
 '-ffun-to-thunk' '-feager-blackholing']",fast,0.211,0.211
346,4ddb4072-934d-41e0-a517-641c33157e3b,"['-O0' '-flate-dmd-anal' '-fdicts-cheap' '-fcmm-elim-common-blocks'
 '-fno-opt-coercion' '-fdo-lambda-eta-expansion' '-fno-pre-inlining'
 '-fdicts-strict' '-funfolding-creation-threshold=750'
 '-funfolding-fun-discount=60' '-fcse' '-fdmd-tx-dict-sel'
 '-fmax-worker-args=10' '-fdo-lambda-eta-expansion'
 '-fdo-lambda-eta-expansion' '-fmax-simplifier-iterations=4'
 '-fno-pre-inlining' '-fworker-wrapper' '-ffloat-in']",fast,0.213,0.213
347,9650d002-447e-475e-847a-26e6ba0bf604,"['-O0' '-fcmm-sink' '-fcross-module-specialise' '-ffun-to-thunk'
 '-fliberate-case' '-fspec-constr-count=3' '-feager-blackholing'
 '-funfolding-fun-discount=60' '-funbox-small-strict-fields'
 '-fomit-interface-pragmas' '-fpedantic-bottoms' '-fcmm-sink'
 '-ffun-to-thunk' '-fmax-inline-alloc-size=128' '-fexpose-all-unfoldings'
 '-fmax-worker-args=10' '-fmax-inline-alloc-size=128'
 '-fcross-module-specialise' '-fcmm-elim-common-blocks']",fast,0.212,0.212
348,691d408d-e07c-4e11-a2b0-7a0c828d385e,"['-O0' '-funfolding-fun-discount=60' '-funfolding-dict-discount=30'
 '-fignore-interface-pragmas' '-fvectorise' '-fspec-constr-threshold=2000'
 '-fdmd-tx-dict-sel' '-fmax-relevant-binds=6' '-fno-state-hack'
 '-funfolding-keeness-factor=1.5' '-fignore-asserts' '-fspecialise'
 '-fsimpl-tick-factor=100' '-fcall-arity' '-fmax-inline-alloc-size=128'
 '-funfolding-use-threshold=60' '-fliberate-case' '-fmax-relevant-binds=6'
 '-fspec-constr-count=3']",fast,0.211,0.211
349,7dba737f-1030-41f5-bb67-0d0e7c73219b,"['-O0' '-fworker-wrapper' '-fliberate-case-threshold=2000' '-fvectorise'
 '-fcross-module-specialise' '-fspecialise' '-fignore-asserts'
 '-fenable-rewrite-rules' '-fignore-interface-pragmas'
 '-fomit-interface-pragmas' '-fcse' '-ffun-to-thunk'
 '-funfolding-keeness-factor=1.5' '-fignore-interface-pragmas'
 '-fcmm-elim-common-blocks' '-foptimal-applicative-do'
 '-fdo-eta-reduction' '-funfolding-fun-discount=60' '-fdmd-tx-dict-sel']",fast,0.212,0.212
350,16af2997-c1b3-4c88-be19-8dc59d50054a,"['-O0' '-funfolding-use-threshold=60' '-fregs-iterative' '-fdicts-strict'
 '-fcmm-sink' '-fmax-inline-memset-insns=32'
 '-funfolding-creation-threshold=750' '-fignore-asserts'
 '-fsimplifier-phases=2' '-fmax-relevant-binds=6' '-fpedantic-bottoms'
 '-fcmm-sink' '-fstrictness-before=1' '-fstrictness' '-fspec-constr'
 '-fexpose-all-unfoldings' '-fmax-inline-memcpy-insns=32'
 '-fmax-inline-memset-insns=32' '-fmax-inline-memset-insns=32']",fast,0.213,0.213
351,c00fd662-c2a2-4cec-b340-ec35098cc07c,"['-O0' '-fspec-constr' '-fregs-iterative' '-fliberate-case'
 '-foptimal-applicative-do' '-fmax-worker-args=10' '-fregs-graph'
 '-fworker-wrapper' '-flate-dmd-anal' '-feager-blackholing' '-fcase-merge'
 '-fno-pre-inlining' '-fdo-lambda-eta-expansion' '-fregs-iterative'
 '-funbox-strict-fields' '-fcmm-elim-common-blocks'
 '-foptimal-applicative-do' '-fworker-wrapper'
 '-funfolding-dict-discount=30']",fast,0.213,0.213
352,1b9e8a3e-4757-428d-a359-9f8bb6676581,"['-O0' '-fcase-merge' '-fstrictness' '-fmax-worker-args=10'
 '-ffull-laziness' '-funfolding-creation-threshold=750'
 '-fvectorisation-avoidance' '-ffloat-in' '-ffun-to-thunk' '-fspec-constr'
 '-fcmm-elim-common-blocks' '-feager-blackholing' '-ffun-to-thunk'
 '-fstrictness' '-flate-dmd-anal' '-flate-dmd-anal'
 '-fstatic-argument-transformation' '-fno-opt-coercion' '-fspecialise']",fast,0.214,0.214
353,4152c077-1672-4041-bd11-f3aec9f7463e,"['-O0' '-fvectorise' '-fdo-lambda-eta-expansion' '-fdicts-strict'
 '-fcross-module-specialise' '-fsimplifier-phases=2'
 '-fstrictness-before=1' '-fregs-iterative' '-funfolding-use-threshold=60'
 '-fvectorise' '-fpedantic-bottoms' '-funfolding-fun-discount=60'
 '-floopification' '-fspec-constr' '-floopification' '-fcmm-sink'
 '-funfolding-dict-discount=30' '-fdo-eta-reduction' '-fcse']",fast,0.214,0.214
354,4b12c94b-5543-4d5c-ab84-0b906ded0d04,"['-O0' '-fno-state-hack' '-fexpose-all-unfoldings' '-fspec-constr-count=3'
 '-fvectorisation-avoidance' '-fliberate-case-threshold=2000'
 '-fspec-constr-count=3' '-funfolding-creation-threshold=750'
 '-fspec-constr-threshold=2000' '-funfolding-fun-discount=60'
 '-fexcess-precision' '-fexcess-precision' '-fenable-rewrite-rules'
 '-fcmm-sink' '-fcmm-sink' '-fmax-inline-alloc-size=128' '-fcall-arity'
 '-fdicts-strict' '-ffull-laziness']",fast,0.212,0.212
355,6ad7d340-cd82-40a7-863d-013900944983,"['-O0' '-fspec-constr-count=3' '-fworker-wrapper'
 '-fliberate-case-threshold=2000' '-fliberate-case-threshold=2000'
 '-fpedantic-bottoms' '-fno-pre-inlining' '-fspec-constr-threshold=2000'
 '-funfolding-creation-threshold=750' '-fcase-merge' '-fcse'
 '-funfolding-keeness-factor=1.5' '-fenable-rewrite-rules'
 '-fspec-constr-threshold=2000' '-fmax-inline-memcpy-insns=32'
 '-fcase-merge' '-ffull-laziness' '-fregs-iterative' '-ffull-laziness']",fast,0.211,0.211
356,7971c9ed-18c0-40ed-8f3d-7b22f0806986,"['-O0' '-fno-state-hack' '-ffloat-in' '-fomit-interface-pragmas'
 '-fcpr-anal' '-funfolding-creation-threshold=750' '-fcase-merge'
 '-fdicts-strict' '-fdicts-cheap' '-fcse' '-funfolding-use-threshold=60'
 '-fdicts-cheap' '-floopification' '-fomit-interface-pragmas'
 '-fmax-worker-args=10' '-fworker-wrapper' '-fvectorisation-avoidance'
 '-feager-blackholing' '-fspec-constr-threshold=2000']",fast,0.21,0.21
357,77517fdb-54ca-47b3-aa61-c3c657a01e5c,"['-O0' '-fmax-worker-args=10' '-fspec-constr-count=3' '-fomit-yields'
 '-funfolding-dict-discount=30' '-fno-state-hack' '-fignore-asserts'
 '-fdicts-strict' '-fstrictness-before=1' '-fspec-constr-threshold=2000'
 '-funfolding-fun-discount=60' '-fsimpl-tick-factor=100'
 '-fignore-asserts' '-fomit-yields' '-fcross-module-specialise'
 '-fregs-graph' '-fliberate-case' '-fmax-inline-memcpy-insns=32'
 '-funfolding-creation-threshold=750']",fast,0.211,0.211
358,024f661b-a022-49ea-aa8a-4f7e14ab58e9,"['-O0' '-fno-opt-coercion' '-fcmm-elim-common-blocks'
 '-fmax-worker-args=10' '-foptimal-applicative-do'
 '-funfolding-dict-discount=30' '-fliberate-case'
 '-fspec-constr-threshold=2000' '-funfolding-fun-discount=60' '-fcmm-sink'
 '-fregs-iterative' '-funbox-small-strict-fields'
 '-funfolding-keeness-factor=1.5' '-fregs-graph' '-fspec-constr'
 '-ffloat-in' '-flate-dmd-anal' '-fregs-graph' '-ffull-laziness']",fast,0.213,0.213
359,845ca1d8-81b4-4cb9-af16-8a1eafd83374,"['-O0' '-fsimplifier-phases=2' '-funfolding-use-threshold=60'
 '-funfolding-creation-threshold=750' '-funfolding-fun-discount=60'
 '-fdicts-strict' '-fregs-iterative' '-fworker-wrapper'
 '-funfolding-fun-discount=60' '-funfolding-fun-discount=60'
 '-fvectorisation-avoidance' '-funfolding-use-threshold=60'
 '-fcross-module-specialise' '-fexpose-all-unfoldings'
 '-funbox-small-strict-fields' '-fcmm-elim-common-blocks'
 '-fcross-module-specialise' '-fmax-worker-args=10'
 '-fmax-inline-memcpy-insns=32']",fast,0.213,0.213
360,8a5c98ee-0f14-4064-b3d1-cfb67305f271,"['-O0' '-fomit-yields' '-fliberate-case' '-fno-state-hack'
 '-funbox-small-strict-fields' '-fstrictness' '-fspec-constr-count=3'
 '-fexcess-precision' '-fliberate-case' '-ffloat-in'
 '-fmax-inline-memcpy-insns=32' '-fworker-wrapper'
 '-fmax-simplifier-iterations=4' '-fno-opt-coercion'
 '-fspec-constr-threshold=2000' '-fmax-inline-memcpy-insns=32'
 '-fmax-inline-alloc-size=128' '-fregs-graph' '-fdicts-strict']",fast,0.212,0.212
361,ac6bfac4-bb43-4515-b839-a2613a26880b,"['-O0' '-funfolding-use-threshold=60' '-fdmd-tx-dict-sel'
 '-fmax-inline-memcpy-insns=32' '-fdo-lambda-eta-expansion'
 '-fno-state-hack' '-fliberate-case' '-fomit-yields'
 '-fliberate-case-threshold=2000' '-floopification' '-fdmd-tx-dict-sel'
 '-fcall-arity' '-fcall-arity' '-fcmm-sink'
 '-fmax-simplifier-iterations=4' '-fpedantic-bottoms'
 '-funbox-strict-fields' '-ffloat-in' '-fspec-constr-threshold=2000']",fast,0.212,0.212
362,74731b90-9b6e-4bb4-8586-427868d4c3d4,"['-O0' '-fdicts-cheap' '-floopification' '-fregs-graph' '-ffun-to-thunk'
 '-fdo-eta-reduction' '-fpedantic-bottoms' '-fignore-interface-pragmas'
 '-funfolding-creation-threshold=750' '-fworker-wrapper' '-fspec-constr'
 '-ffun-to-thunk' '-fspec-constr-count=3' '-ffloat-in'
 '-fspec-constr-count=3' '-fregs-graph' '-fsimpl-tick-factor=100'
 '-fstrictness-before=1' '-fexcess-precision']",fast,0.213,0.213
363,7c7182a9-94df-4e6e-b824-c26d38c87441,"['-O0' '-fno-opt-coercion' '-fmax-inline-alloc-size=128'
 '-funfolding-keeness-factor=1.5' '-fspecialise'
 '-fmax-inline-memset-insns=32' '-fenable-rewrite-rules' '-ffull-laziness'
 '-funfolding-keeness-factor=1.5' '-fexpose-all-unfoldings' '-fstrictness'
 '-fstatic-argument-transformation' '-fcmm-elim-common-blocks'
 '-fcmm-elim-common-blocks' '-foptimal-applicative-do'
 '-fvectorisation-avoidance' '-fvectorise' '-fstrictness-before=1'
 '-ffloat-in']",fast,0.211,0.211
364,e759a7a2-6576-4aa6-bbbe-dca921842f36,"['-O0' '-fmax-inline-alloc-size=128' '-fmax-inline-alloc-size=128'
 '-funfolding-dict-discount=30' '-funfolding-keeness-factor=1.5'
 '-fsimplifier-phases=2' '-fignore-interface-pragmas' '-fpedantic-bottoms'
 '-fdmd-tx-dict-sel' '-funbox-strict-fields' '-ffloat-in'
 '-fno-opt-coercion' '-foptimal-applicative-do' '-fdmd-tx-dict-sel'
 '-fworker-wrapper' '-fdicts-cheap' '-fworker-wrapper'
 '-funfolding-creation-threshold=750' '-funbox-strict-fields']",fast,0.211,0.211
365,b292677c-3450-4eb3-8828-17018ccc8a46,"['-O0' '-fcmm-elim-common-blocks' '-fworker-wrapper' '-fspec-constr'
 '-funfolding-creation-threshold=750' '-fomit-yields' '-fno-pre-inlining'
 '-fomit-interface-pragmas' '-fno-pre-inlining' '-fomit-interface-pragmas'
 '-fcase-merge' '-fspecialise' '-fworker-wrapper' '-fspecialise'
 '-fno-pre-inlining' '-fdo-lambda-eta-expansion' '-fworker-wrapper'
 '-funbox-strict-fields' '-fspec-constr']",fast,0.211,0.211
366,7ef46d1b-d117-4063-857e-3c46c3165d3b,"['-O0' '-fregs-iterative' '-fcross-module-specialise' '-fdmd-tx-dict-sel'
 '-fstatic-argument-transformation' '-fvectorisation-avoidance'
 '-funfolding-creation-threshold=750' '-fstatic-argument-transformation'
 '-fsimplifier-phases=2' '-fmax-relevant-binds=6' '-fno-pre-inlining'
 '-fomit-yields' '-fliberate-case-threshold=2000'
 '-fmax-inline-memset-insns=32' '-ffloat-in'
 '-fmax-simplifier-iterations=4' '-funfolding-fun-discount=60'
 '-fcase-merge' '-ffloat-in']",fast,0.211,0.211
367,7f342b73-3627-4ea1-8658-b87edb350d69,"['-O0' '-fcmm-elim-common-blocks' '-fregs-iterative' '-fcall-arity'
 '-ffull-laziness' '-fmax-relevant-binds=6' '-fdo-eta-reduction'
 '-fignore-interface-pragmas' '-fexcess-precision'
 '-funbox-small-strict-fields' '-fno-pre-inlining' '-floopification'
 '-fspec-constr' '-foptimal-applicative-do' '-fmax-inline-memset-insns=32'
 '-fspecialise' '-fcmm-elim-common-blocks' '-fvectorise' '-fomit-yields']",fast,0.213,0.213
368,5ab16496-7729-470c-8818-2e65e8c14f9b,"['-O0' '-funfolding-dict-discount=30' '-fcse' '-fexpose-all-unfoldings'
 '-fcall-arity' '-feager-blackholing' '-fspec-constr-threshold=2000'
 '-fregs-iterative' '-fsimplifier-phases=2'
 '-funfolding-keeness-factor=1.5' '-fcpr-anal' '-fspec-constr'
 '-funfolding-creation-threshold=750' '-fno-state-hack'
 '-funfolding-keeness-factor=1.5' '-fcross-module-specialise'
 '-fmax-inline-memset-insns=32' '-fdicts-strict' '-fexpose-all-unfoldings']",fast,0.212,0.212
369,670adca8-3059-4112-ae31-6178723299d4,"['-O0' '-fpedantic-bottoms' '-fspec-constr-count=3'
 '-funfolding-keeness-factor=1.5' '-funbox-small-strict-fields'
 '-fcase-merge' '-fstrictness' '-fcall-arity' '-fcmm-elim-common-blocks'
 '-fliberate-case-threshold=2000' '-fpedantic-bottoms'
 '-fomit-interface-pragmas' '-fspecialise'
 '-funfolding-keeness-factor=1.5' '-fspec-constr-count=3'
 '-fomit-interface-pragmas' '-fdo-eta-reduction' '-ffull-laziness'
 '-fvectorise']",fast,0.211,0.211
370,af06b595-a0b0-4376-a275-ae77edc366de,"['-O0' '-fcmm-sink' '-fomit-yields' '-fvectorise' '-fliberate-case'
 '-fsimplifier-phases=2' '-ffun-to-thunk' '-fcmm-sink'
 '-fsimpl-tick-factor=100' '-funfolding-keeness-factor=1.5'
 '-funbox-strict-fields' '-funfolding-creation-threshold=750'
 '-foptimal-applicative-do' '-ffun-to-thunk' '-fcse' '-fliberate-case'
 '-fno-state-hack' '-fno-pre-inlining' '-funbox-small-strict-fields']",fast,0.211,0.211
371,8e85156b-df0a-426d-a4da-e78b55e37a43,"['-O0' '-fdicts-strict' '-fregs-iterative' '-fvectorise' '-fdicts-cheap'
 '-fcmm-elim-common-blocks' '-fliberate-case'
 '-funfolding-fun-discount=60' '-fstatic-argument-transformation'
 '-fno-opt-coercion' '-fliberate-case-threshold=2000'
 '-fstrictness-before=1' '-fcse' '-fsimpl-tick-factor=100'
 '-fomit-interface-pragmas' '-fmax-inline-alloc-size=128'
 '-fdo-lambda-eta-expansion' '-fomit-interface-pragmas'
 '-fliberate-case-threshold=2000']",fast,0.212,0.212
372,0ef54078-6732-4f47-bc8a-5c265dfe0f78,"['-O0' '-ffloat-in' '-funfolding-keeness-factor=1.5'
 '-fdo-lambda-eta-expansion' '-fliberate-case' '-fcse'
 '-fcmm-elim-common-blocks' '-fspec-constr-count=3' '-fpedantic-bottoms'
 '-fdicts-cheap' '-fignore-asserts' '-funfolding-keeness-factor=1.5'
 '-fno-state-hack' '-fdo-lambda-eta-expansion' '-fomit-yields'
 '-fspec-constr-count=3' '-fregs-iterative' '-fsimpl-tick-factor=100'
 '-ffun-to-thunk']",fast,0.213,0.213
373,c2b1443d-a71a-4336-b1b2-4aee372dc251,"['-O0' '-fcse' '-fpedantic-bottoms' '-fomit-yields' '-fregs-graph'
 '-ffun-to-thunk' '-fstrictness-before=1' '-fno-state-hack'
 '-fspec-constr-count=3' '-ffull-laziness' '-fdicts-cheap'
 '-fdo-eta-reduction' '-fomit-yields' '-fcpr-anal'
 '-funfolding-dict-discount=30' '-floopification'
 '-fomit-interface-pragmas' '-funfolding-dict-discount=30'
 '-fliberate-case']",fast,0.212,0.212
374,17fbc87c-7f6c-4138-b7d3-1a9244ea4ada,"['-O0' '-floopification' '-funbox-strict-fields' '-fmax-relevant-binds=6'
 '-fspecialise' '-fspec-constr' '-fvectorisation-avoidance'
 '-fliberate-case-threshold=2000' '-fno-pre-inlining' '-fdmd-tx-dict-sel'
 '-ffull-laziness' '-fno-pre-inlining' '-fenable-rewrite-rules'
 '-fmax-simplifier-iterations=4' '-fpedantic-bottoms' '-fno-state-hack'
 '-fspec-constr-threshold=2000' '-fenable-rewrite-rules'
 '-fignore-asserts']",fast,0.211,0.211
375,08090c3a-844b-4a53-a870-5d72592ce1f1,"['-O0' '-fworker-wrapper' '-fexcess-precision'
 '-fmax-simplifier-iterations=4' '-fvectorise'
 '-funfolding-keeness-factor=1.5' '-fdo-lambda-eta-expansion' '-fcpr-anal'
 '-ffloat-in' '-fspecialise' '-fdicts-cheap' '-ffull-laziness'
 '-fenable-rewrite-rules' '-fstatic-argument-transformation'
 '-fno-pre-inlining' '-fcmm-sink' '-fspec-constr' '-fsimplifier-phases=2'
 '-flate-dmd-anal']",fast,0.218,0.218
376,18399aea-ae77-490d-abed-fdfd33cd23a7,"['-O0' '-fcross-module-specialise' '-fliberate-case' '-fno-pre-inlining'
 '-fstatic-argument-transformation' '-fexpose-all-unfoldings'
 '-fexcess-precision' '-feager-blackholing' '-fworker-wrapper'
 '-fdo-lambda-eta-expansion' '-fomit-interface-pragmas'
 '-fno-opt-coercion' '-fvectorisation-avoidance'
 '-fmax-inline-memcpy-insns=32' '-fspec-constr' '-fspecialise'
 '-funfolding-creation-threshold=750' '-flate-dmd-anal'
 '-fmax-relevant-binds=6']",fast,0.215,0.215
377,d4b34e20-b38c-4130-ad66-051261172e9a,"['-O0' '-fliberate-case' '-fcmm-elim-common-blocks'
 '-fmax-relevant-binds=6' '-fsimplifier-phases=2' '-fsimplifier-phases=2'
 '-fvectorise' '-fcmm-elim-common-blocks' '-fliberate-case'
 '-fignore-asserts' '-foptimal-applicative-do' '-fstrictness-before=1'
 '-fspec-constr-count=3' '-fmax-simplifier-iterations=4'
 '-fmax-inline-memset-insns=32' '-fcross-module-specialise'
 '-fregs-iterative' '-fmax-inline-memset-insns=32' '-flate-dmd-anal']",fast,0.216,0.216
378,82ae42f1-518b-4cad-987e-376e8cf1b8b3,"['-O0' '-funfolding-use-threshold=60' '-funfolding-keeness-factor=1.5'
 '-fregs-graph' '-fdicts-strict' '-fcmm-elim-common-blocks'
 '-fdo-eta-reduction' '-fspec-constr-threshold=2000' '-ffull-laziness'
 '-fregs-graph' '-funfolding-keeness-factor=1.5' '-fstrictness-before=1'
 '-fsimpl-tick-factor=100' '-fsimplifier-phases=2' '-fdicts-strict'
 '-fno-state-hack' '-fspecialise' '-funfolding-creation-threshold=750'
 '-fstrictness']",fast,0.215,0.215
379,d435b802-5411-4d70-9005-38bae0057b9e,"['-O0' '-fno-state-hack' '-fmax-worker-args=10' '-fcmm-sink'
 '-funbox-strict-fields' '-fmax-inline-memcpy-insns=32'
 '-fomit-interface-pragmas' '-fmax-inline-memcpy-insns=32' '-fomit-yields'
 '-fno-opt-coercion' '-funfolding-dict-discount=30'
 '-funbox-strict-fields' '-fdo-lambda-eta-expansion'
 '-funfolding-use-threshold=60' '-fno-pre-inlining'
 '-fspec-constr-threshold=2000' '-fstrictness' '-fliberate-case'
 '-funbox-small-strict-fields']",fast,0.214,0.214
380,f2f6f386-1203-4433-b9c7-871ee077c4c4,"['-O0' '-fdo-lambda-eta-expansion' '-fcmm-sink' '-fenable-rewrite-rules'
 '-fcall-arity' '-funbox-strict-fields' '-fcall-arity' '-fno-state-hack'
 '-fvectorisation-avoidance' '-fstrictness-before=1'
 '-fliberate-case-threshold=2000' '-fspec-constr'
 '-fcmm-elim-common-blocks' '-foptimal-applicative-do' '-fdmd-tx-dict-sel'
 '-fcase-merge' '-fsimpl-tick-factor=100' '-ffull-laziness'
 '-fliberate-case']",fast,0.213,0.213
381,9f32117d-6474-46aa-8953-c7da38007a47,"['-O0' '-funbox-small-strict-fields' '-fliberate-case-threshold=2000'
 '-fcse' '-ffull-laziness' '-funbox-strict-fields'
 '-fmax-inline-memset-insns=32' '-funfolding-keeness-factor=1.5'
 '-feager-blackholing' '-funfolding-keeness-factor=1.5' '-fspecialise'
 '-fcpr-anal' '-fmax-inline-memset-insns=32' '-fmax-relevant-binds=6'
 '-fno-opt-coercion' '-fworker-wrapper' '-fdo-eta-reduction'
 '-fexcess-precision' '-fspecialise']",fast,0.214,0.214
382,a516fd21-a5c9-46f2-8a27-9834a617099a,"['-O0' '-fcse' '-fdo-lambda-eta-expansion' '-fmax-inline-memset-insns=32'
 '-fmax-relevant-binds=6' '-fliberate-case-threshold=2000'
 '-fenable-rewrite-rules' '-fregs-graph' '-fcmm-elim-common-blocks'
 '-fexcess-precision' '-fsimplifier-phases=2' '-ffun-to-thunk'
 '-fcross-module-specialise' '-funbox-small-strict-fields'
 '-fmax-simplifier-iterations=4' '-fdmd-tx-dict-sel' '-fworker-wrapper'
 '-fcase-merge' '-funfolding-fun-discount=60']",fast,0.212,0.212
383,1b3d2ce3-994f-4308-9edd-828954ec9195,"['-O0' '-fmax-inline-memset-insns=32' '-floopification'
 '-fmax-inline-memcpy-insns=32' '-fno-opt-coercion' '-fstrictness'
 '-fpedantic-bottoms' '-fmax-relevant-binds=6' '-fomit-interface-pragmas'
 '-fcmm-elim-common-blocks' '-fspec-constr' '-fworker-wrapper'
 '-funfolding-fun-discount=60' '-fmax-inline-alloc-size=128'
 '-foptimal-applicative-do' '-fcmm-elim-common-blocks'
 '-fmax-worker-args=10' '-fvectorise' '-fstrictness-before=1']",fast,0.215,0.215
384,8790ff44-49b2-4914-8dac-b29e9514145b,"['-O0' '-foptimal-applicative-do' '-fmax-inline-memset-insns=32'
 '-fstrictness-before=1' '-fmax-inline-memcpy-insns=32'
 '-feager-blackholing' '-fcall-arity' '-floopification'
 '-fexpose-all-unfoldings' '-fspec-constr-count=3' '-ffull-laziness'
 '-fmax-inline-memset-insns=32' '-fcmm-elim-common-blocks' '-fcpr-anal'
 '-fdicts-cheap' '-fcross-module-specialise' '-fno-opt-coercion'
 '-feager-blackholing' '-funfolding-keeness-factor=1.5']",fast,0.213,0.213
385,8bfb2e33-cf61-48d1-901d-a27fa00662b5,"['-O0' '-fdmd-tx-dict-sel' '-floopification' '-fdicts-strict'
 '-fsimplifier-phases=2' '-fdicts-strict' '-fcall-arity'
 '-funfolding-keeness-factor=1.5' '-funfolding-fun-discount=60'
 '-fmax-inline-memset-insns=32' '-fmax-inline-alloc-size=128'
 '-feager-blackholing' '-fworker-wrapper' '-fdicts-cheap'
 '-fdo-eta-reduction' '-fcmm-elim-common-blocks' '-ffull-laziness'
 '-fmax-inline-memset-insns=32' '-fcross-module-specialise']",fast,0.213,0.213
386,05d38495-f11d-43f0-b44e-820f314c922b,"['-O0' '-fsimplifier-phases=2' '-fdo-lambda-eta-expansion'
 '-fregs-iterative' '-fcmm-sink' '-funfolding-fun-discount=60'
 '-fcase-merge' '-feager-blackholing' '-fpedantic-bottoms'
 '-fmax-worker-args=10' '-fignore-interface-pragmas' '-fexcess-precision'
 '-fmax-relevant-binds=6' '-fmax-relevant-binds=6'
 '-fmax-simplifier-iterations=4' '-floopification' '-fno-state-hack'
 '-fspecialise' '-ffull-laziness']",fast,0.212,0.212
387,cfd53f8d-ad3a-438c-b4ba-525668c28aa4,"['-O0' '-fno-pre-inlining' '-ffun-to-thunk' '-fregs-graph'
 '-fmax-inline-memset-insns=32' '-fmax-relevant-binds=6' '-ffloat-in'
 '-fdo-eta-reduction' '-ffull-laziness' '-fdicts-cheap'
 '-fcross-module-specialise' '-fregs-graph' '-fmax-relevant-binds=6'
 '-fdicts-cheap' '-fstatic-argument-transformation'
 '-fsimplifier-phases=2' '-fexcess-precision' '-fspec-constr-count=3'
 '-fcpr-anal']",fast,0.211,0.211
388,48146356-f55b-4539-a0ac-107c8a93cfa1,"['-O0' '-fdmd-tx-dict-sel' '-funfolding-keeness-factor=1.5'
 '-fdmd-tx-dict-sel' '-fmax-relevant-binds=6'
 '-fmax-simplifier-iterations=4' '-funfolding-dict-discount=30'
 '-fenable-rewrite-rules' '-fdo-eta-reduction'
 '-fstatic-argument-transformation' '-fdo-lambda-eta-expansion'
 '-fmax-relevant-binds=6' '-fdicts-cheap' '-fliberate-case' '-fregs-graph'
 '-fliberate-case' '-fstatic-argument-transformation'
 '-fsimpl-tick-factor=100' '-fomit-interface-pragmas']",fast,0.211,0.211
389,e8f0743b-6ff6-4d17-a6f7-5d1631365d56,"['-O0' '-fdo-lambda-eta-expansion' '-ffloat-in' '-fcpr-anal'
 '-fliberate-case-threshold=2000' '-fexcess-precision'
 '-fliberate-case-threshold=2000' '-fignore-asserts'
 '-fvectorisation-avoidance' '-ffloat-in' '-funfolding-fun-discount=60'
 '-fspec-constr' '-fmax-inline-memset-insns=32' '-fexcess-precision'
 '-floopification' '-fno-opt-coercion' '-fdmd-tx-dict-sel'
 '-funfolding-dict-discount=30' '-fspec-constr']",fast,0.211,0.211
390,c9611bac-d9b9-479b-9b0d-2e65a17b10aa,"['-O0' '-ffull-laziness' '-fignore-interface-pragmas'
 '-funfolding-keeness-factor=1.5' '-ffun-to-thunk'
 '-fmax-inline-alloc-size=128' '-ffull-laziness'
 '-funfolding-dict-discount=30' '-fmax-simplifier-iterations=4'
 '-fcross-module-specialise' '-fno-opt-coercion' '-fcse'
 '-fmax-relevant-binds=6' '-floopification' '-funfolding-use-threshold=60'
 '-fmax-inline-memcpy-insns=32' '-fignore-interface-pragmas'
 '-fspec-constr-count=3' '-fcall-arity']",fast,0.21,0.21
391,7845eae2-9e76-4d77-8213-6b427577365b,"['-O0' '-ffloat-in' '-fworker-wrapper' '-fdicts-cheap'
 '-fliberate-case-threshold=2000' '-funfolding-use-threshold=60'
 '-fmax-simplifier-iterations=4' '-fvectorise' '-fomit-yields'
 '-fcpr-anal' '-fenable-rewrite-rules' '-ffun-to-thunk'
 '-fno-pre-inlining' '-fspecialise' '-fdo-lambda-eta-expansion'
 '-fstrictness' '-fvectorise' '-fno-state-hack' '-fexpose-all-unfoldings']",fast,0.21,0.21
392,7769c8a7-bca1-4cc8-85c4-b16d2a4239c3,"['-O0' '-fignore-asserts' '-fspec-constr-count=3' '-ffloat-in'
 '-ffloat-in' '-fomit-interface-pragmas' '-fregs-iterative'
 '-ffun-to-thunk' '-fignore-asserts' '-funbox-small-strict-fields'
 '-fexcess-precision' '-fcross-module-specialise' '-fsimplifier-phases=2'
 '-funbox-small-strict-fields' '-ffull-laziness'
 '-funfolding-creation-threshold=750' '-foptimal-applicative-do'
 '-funfolding-keeness-factor=1.5' '-foptimal-applicative-do']",fast,0.211,0.211
393,0fda6119-b97b-4351-8242-6a4c44818384,"['-O0' '-funfolding-keeness-factor=1.5' '-fmax-inline-memcpy-insns=32'
 '-fmax-inline-memcpy-insns=32' '-fvectorisation-avoidance' '-fstrictness'
 '-fcse' '-fdo-eta-reduction' '-fcall-arity' '-fsimpl-tick-factor=100'
 '-fmax-inline-memcpy-insns=32' '-funfolding-keeness-factor=1.5'
 '-fignore-asserts' '-fno-pre-inlining' '-fcross-module-specialise'
 '-ffull-laziness' '-funfolding-dict-discount=30' '-fcase-merge'
 '-fpedantic-bottoms']",fast,0.211,0.211
394,6f2528e7-1213-4636-bc63-ebbec95d5b55,"['-O0' '-fregs-graph' '-fno-opt-coercion' '-fcase-merge'
 '-funfolding-fun-discount=60' '-fcall-arity' '-fcpr-anal'
 '-floopification' '-fcpr-anal' '-fvectorisation-avoidance'
 '-fmax-relevant-binds=6' '-fsimplifier-phases=2' '-fno-state-hack'
 '-fcall-arity' '-flate-dmd-anal' '-fpedantic-bottoms' '-fcse' '-fcse'
 '-fvectorise']",fast,0.212,0.212
395,d89f7148-dcbe-4e28-ab2b-4f458e1d6f7e,"['-O0' '-fliberate-case' '-fmax-inline-alloc-size=128' '-fspec-constr'
 '-fcmm-sink' '-fmax-inline-alloc-size=128' '-floopification'
 '-fmax-worker-args=10' '-funfolding-keeness-factor=1.5'
 '-fcross-module-specialise' '-fmax-inline-memset-insns=32'
 '-fregs-iterative' '-fsimpl-tick-factor=100'
 '-funfolding-fun-discount=60' '-fignore-asserts' '-fregs-graph'
 '-fliberate-case-threshold=2000' '-fignore-interface-pragmas'
 '-fcross-module-specialise']",fast,0.212,0.212
396,7538f30e-0a79-4637-adfa-3537cbd96330,"['-O0' '-fmax-worker-args=10' '-fcmm-elim-common-blocks'
 '-funbox-strict-fields' '-fomit-interface-pragmas' '-fdicts-cheap'
 '-fcall-arity' '-fspec-constr-count=3' '-fdicts-strict'
 '-fspec-constr-threshold=2000' '-fdicts-cheap' '-floopification'
 '-fcmm-elim-common-blocks' '-funbox-strict-fields'
 '-foptimal-applicative-do' '-fspec-constr-count=3'
 '-fmax-inline-memcpy-insns=32' '-flate-dmd-anal'
 '-fsimpl-tick-factor=100']",fast,0.211,0.211
397,e9a2767b-6a9e-472c-8f3b-4815247b595d,"['-O0' '-fno-opt-coercion' '-fcse' '-fspec-constr' '-fmax-worker-args=10'
 '-fignore-asserts' '-ffloat-in' '-fno-state-hack'
 '-funbox-small-strict-fields' '-fno-state-hack' '-flate-dmd-anal'
 '-fliberate-case' '-fdo-eta-reduction' '-ffull-laziness'
 '-funfolding-dict-discount=30' '-funfolding-creation-threshold=750'
 '-funfolding-use-threshold=60' '-foptimal-applicative-do'
 '-fno-pre-inlining']",fast,0.211,0.211
398,8b5f7dce-cfb8-4a75-94c2-00fa008a8895,"['-O0' '-foptimal-applicative-do' '-ffloat-in' '-funbox-strict-fields'
 '-fsimplifier-phases=2' '-fcase-merge' '-fregs-iterative'
 '-fmax-inline-alloc-size=128' '-fspec-constr' '-fspec-constr'
 '-fomit-yields' '-fspec-constr-count=3' '-fvectorisation-avoidance'
 '-fmax-worker-args=10' '-flate-dmd-anal' '-fcmm-sink'
 '-funbox-strict-fields' '-fcase-merge' '-fignore-interface-pragmas']",fast,0.211,0.211
399,257cf4d8-30b1-4d24-9592-015455d89134,"['-O0' '-fspec-constr-count=3' '-fspec-constr-count=3'
 '-fpedantic-bottoms' '-ffloat-in' '-fdo-eta-reduction' '-fno-state-hack'
 '-fdicts-cheap' '-ffloat-in' '-fexpose-all-unfoldings'
 '-fspec-constr-count=3' '-fmax-inline-memcpy-insns=32'
 '-fmax-inline-memset-insns=32' '-fmax-simplifier-iterations=4'
 '-fregs-iterative' '-fmax-inline-alloc-size=128'
 '-fcross-module-specialise' '-funbox-strict-fields'
 '-fexpose-all-unfoldings']",fast,0.211,0.211
400,f606f26e-eceb-4b74-9b77-4a1362fef702,"['-O0' '-foptimal-applicative-do' '-ffun-to-thunk' '-fno-pre-inlining'
 '-flate-dmd-anal' '-fdo-lambda-eta-expansion' '-fexpose-all-unfoldings'
 '-funfolding-fun-discount=60' '-ffun-to-thunk'
 '-funfolding-use-threshold=60' '-fmax-simplifier-iterations=4'
 '-fspecialise' '-fspecialise' '-fignore-interface-pragmas' '-fcmm-sink'
 '-foptimal-applicative-do' '-fmax-inline-alloc-size=128'
 '-funfolding-fun-discount=60' '-flate-dmd-anal']",fast,0.211,0.211
401,d0f99e4d-57c4-4459-91ae-6ea314a35328,"['-O0' '-fdmd-tx-dict-sel' '-fenable-rewrite-rules' '-ffun-to-thunk'
 '-fno-state-hack' '-fno-pre-inlining' '-fstrictness-before=1'
 '-floopification' '-foptimal-applicative-do' '-fignore-interface-pragmas'
 '-fmax-relevant-binds=6' '-fsimpl-tick-factor=100' '-fcpr-anal'
 '-fliberate-case-threshold=2000' '-fcmm-sink' '-ffun-to-thunk'
 '-funfolding-use-threshold=60' '-fcase-merge' '-fcall-arity']",fast,0.21,0.21
402,c0373db1-1b7a-4d09-bbd1-7c07713e119f,"['-O0' '-fno-pre-inlining' '-fno-opt-coercion' '-fno-opt-coercion'
 '-fspecialise' '-fdicts-cheap' '-funfolding-fun-discount=60'
 '-fliberate-case-threshold=2000' '-fspec-constr-threshold=2000'
 '-fpedantic-bottoms' '-fno-state-hack' '-fspec-constr-count=3'
 '-fdo-eta-reduction' '-fcall-arity' '-fmax-simplifier-iterations=4'
 '-fspec-constr-threshold=2000' '-fmax-inline-alloc-size=128'
 '-fomit-interface-pragmas' '-fmax-inline-memcpy-insns=32']",fast,0.211,0.211
403,3c2edc42-0608-4aee-b493-a464d431c847,"['-O0' '-fmax-inline-memset-insns=32' '-fsimplifier-phases=2'
 '-fstrictness' '-ffloat-in' '-fno-pre-inlining'
 '-funfolding-creation-threshold=750' '-funbox-small-strict-fields'
 '-funfolding-use-threshold=60' '-fno-state-hack' '-fexcess-precision'
 '-fomit-yields' '-fregs-iterative' '-fdo-eta-reduction'
 '-fstrictness-before=1' '-fomit-interface-pragmas'
 '-fvectorisation-avoidance' '-fmax-worker-args=10'
 '-fspec-constr-count=3']",fast,0.212,0.212
404,b3aa0c5b-1a55-4c6f-8a09-c272694ed622,"['-O0' '-fvectorisation-avoidance' '-fspec-constr' '-feager-blackholing'
 '-fmax-inline-alloc-size=128' '-fpedantic-bottoms'
 '-fdo-lambda-eta-expansion' '-fenable-rewrite-rules'
 '-fdo-lambda-eta-expansion' '-fcpr-anal' '-fdo-lambda-eta-expansion'
 '-fexcess-precision' '-fno-opt-coercion' '-fmax-worker-args=10'
 '-funfolding-use-threshold=60' '-fcall-arity' '-fcall-arity'
 '-fvectorisation-avoidance' '-fspecialise']",fast,0.211,0.211
405,3e2d88ed-d40b-449c-8d84-beb0e32e4e05,"['-O0' '-fspec-constr-count=3' '-fcse' '-fsimplifier-phases=2'
 '-funbox-strict-fields' '-fexpose-all-unfoldings' '-fspec-constr-count=3'
 '-fno-opt-coercion' '-fvectorisation-avoidance'
 '-fcross-module-specialise' '-fsimpl-tick-factor=100'
 '-foptimal-applicative-do' '-fomit-interface-pragmas' '-fomit-yields'
 '-fdicts-cheap' '-fno-pre-inlining' '-fregs-iterative'
 '-foptimal-applicative-do' '-fignore-interface-pragmas']",fast,0.212,0.212
406,2892e769-c689-4901-bcfc-223b88a04156,"['-O0' '-funfolding-keeness-factor=1.5' '-fdicts-strict' '-fcmm-sink'
 '-fmax-inline-memcpy-insns=32' '-fdicts-strict' '-fcpr-anal'
 '-fno-opt-coercion' '-fcpr-anal' '-fspec-constr-count=3'
 '-fsimpl-tick-factor=100' '-fcall-arity' '-fspec-constr-threshold=2000'
 '-funbox-small-strict-fields' '-fmax-inline-alloc-size=128'
 '-fstatic-argument-transformation' '-feager-blackholing'
 '-fsimplifier-phases=2' '-fexpose-all-unfoldings']",fast,0.212,0.212
407,e7c6cd59-44c4-439d-9335-9bea6ac1b59d,"['-O0' '-fomit-yields' '-flate-dmd-anal' '-fmax-inline-alloc-size=128'
 '-fspec-constr-count=3' '-fmax-worker-args=10' '-fstrictness-before=1'
 '-ffull-laziness' '-fexcess-precision' '-fcmm-sink'
 '-funfolding-creation-threshold=750' '-fomit-yields' '-fomit-yields'
 '-fdmd-tx-dict-sel' '-fexcess-precision' '-funfolding-use-threshold=60'
 '-fspecialise' '-funfolding-fun-discount=60' '-fpedantic-bottoms']",fast,0.214,0.214
408,ddecd457-7ccc-4097-bdf7-a01b04fff352,"['-O0' '-floopification' '-fno-opt-coercion'
 '-fliberate-case-threshold=2000' '-flate-dmd-anal'
 '-fmax-inline-memcpy-insns=32' '-flate-dmd-anal' '-fsimplifier-phases=2'
 '-fsimpl-tick-factor=100' '-fno-opt-coercion'
 '-funfolding-creation-threshold=750' '-fpedantic-bottoms'
 '-funfolding-keeness-factor=1.5' '-fmax-relevant-binds=6' '-fcall-arity'
 '-ffull-laziness' '-fliberate-case-threshold=2000' '-fpedantic-bottoms'
 '-fdo-eta-reduction']",fast,0.212,0.212
409,10c5b00e-65dd-4eca-8ff8-4737bd511a58,"['-O0' '-fstrictness-before=1' '-fdo-lambda-eta-expansion' '-fcall-arity'
 '-funfolding-keeness-factor=1.5' '-ffloat-in' '-fdmd-tx-dict-sel'
 '-fno-pre-inlining' '-funfolding-dict-discount=30'
 '-fspec-constr-count=3' '-fdo-lambda-eta-expansion'
 '-fcmm-elim-common-blocks' '-fpedantic-bottoms'
 '-fmax-simplifier-iterations=4' '-fmax-inline-alloc-size=128'
 '-feager-blackholing' '-ffloat-in' '-fvectorisation-avoidance'
 '-fspec-constr']",fast,0.213,0.213
410,d0f147ca-9f82-4d66-bfa0-86579d15b105,"['-O0' '-fcall-arity' '-fexcess-precision'
 '-funfolding-keeness-factor=1.5' '-fcross-module-specialise'
 '-fdicts-strict' '-fsimpl-tick-factor=100' '-ffloat-in'
 '-fregs-iterative' '-fsimplifier-phases=2' '-fcmm-elim-common-blocks'
 '-fmax-inline-memcpy-insns=32' '-fno-opt-coercion' '-fpedantic-bottoms'
 '-fcmm-elim-common-blocks' '-fcall-arity' '-fenable-rewrite-rules'
 '-ffull-laziness' '-fno-state-hack']",fast,0.214,0.214
411,227ee1df-3ca6-400b-9b1f-f8d23ec4bd87,"['-O0' '-fomit-interface-pragmas' '-fcse' '-fspec-constr-threshold=2000'
 '-fomit-yields' '-flate-dmd-anal' '-ffloat-in'
 '-funfolding-fun-discount=60' '-fno-opt-coercion'
 '-fspec-constr-threshold=2000' '-fmax-inline-alloc-size=128'
 '-fstrictness' '-fspec-constr-count=3' '-fliberate-case-threshold=2000'
 '-fno-state-hack' '-fexpose-all-unfoldings' '-fpedantic-bottoms'
 '-ffloat-in' '-fspec-constr-threshold=2000']",fast,0.212,0.212
412,3297710c-7a18-47a3-84c1-e16133fe1d69,"['-O0' '-floopification' '-fomit-interface-pragmas' '-fcall-arity'
 '-fmax-inline-memcpy-insns=32' '-fworker-wrapper' '-feager-blackholing'
 '-fexcess-precision' '-fvectorisation-avoidance'
 '-funfolding-use-threshold=60' '-fworker-wrapper'
 '-funfolding-keeness-factor=1.5' '-fcase-merge' '-feager-blackholing'
 '-fno-pre-inlining' '-fsimplifier-phases=2' '-fdo-eta-reduction'
 '-ffloat-in' '-fmax-relevant-binds=6']",fast,0.211,0.211
413,f925b82e-dee2-43a3-913c-d6ec49dfd125,"['-O0' '-fexcess-precision' '-fignore-asserts'
 '-fignore-interface-pragmas' '-fpedantic-bottoms'
 '-fomit-interface-pragmas' '-fmax-simplifier-iterations=4'
 '-funbox-strict-fields' '-fmax-worker-args=10' '-feager-blackholing'
 '-ffloat-in' '-fmax-worker-args=10' '-funfolding-use-threshold=60'
 '-fcmm-elim-common-blocks' '-fcmm-sink' '-fmax-simplifier-iterations=4'
 '-fcmm-elim-common-blocks' '-fignore-interface-pragmas'
 '-funfolding-creation-threshold=750']",fast,0.211,0.211
414,cdef35d6-793e-4efe-a949-9e9c53960dbb,"['-O0' '-floopification' '-fliberate-case' '-flate-dmd-anal'
 '-fignore-asserts' '-fliberate-case-threshold=2000' '-ffloat-in'
 '-fliberate-case' '-fdicts-strict' '-fvectorise' '-fliberate-case'
 '-fno-opt-coercion' '-fspec-constr' '-fstrictness-before=1'
 '-fspecialise' '-funbox-strict-fields' '-fspecialise'
 '-fexcess-precision' '-fcmm-sink']",fast,0.213,0.213
415,231b13fc-f8af-4072-a978-ea5e7ee875ec,"['-O0' '-fcall-arity' '-fcase-merge' '-fmax-relevant-binds=6'
 '-fmax-inline-memset-insns=32' '-fdmd-tx-dict-sel' '-fpedantic-bottoms'
 '-fspec-constr-count=3' '-fspec-constr' '-fdo-lambda-eta-expansion'
 '-fignore-interface-pragmas' '-funfolding-creation-threshold=750'
 '-fvectorise' '-fmax-worker-args=10' '-fworker-wrapper'
 '-fsimplifier-phases=2' '-fpedantic-bottoms' '-fdo-eta-reduction'
 '-feager-blackholing']",fast,0.212,0.212
416,2b0ed098-e73e-43ed-b0c5-0127022c6b51,"['-O0' '-feager-blackholing' '-fomit-yields' '-fpedantic-bottoms'
 '-fspec-constr' '-funfolding-dict-discount=30' '-fstrictness-before=1'
 '-fno-opt-coercion' '-fregs-graph' '-flate-dmd-anal'
 '-fomit-interface-pragmas' '-fspec-constr-count=3' '-fno-state-hack'
 '-fdicts-cheap' '-fcse' '-funfolding-keeness-factor=1.5'
 '-fliberate-case-threshold=2000' '-fmax-relevant-binds=6'
 '-fno-opt-coercion']",fast,0.212,0.212
417,2cc76f4e-8207-48e0-b21c-7df3b2bb0b1f,"['-O0' '-fmax-inline-memset-insns=32' '-fcmm-sink' '-fsimplifier-phases=2'
 '-fexpose-all-unfoldings' '-fno-pre-inlining' '-fsimplifier-phases=2'
 '-funbox-small-strict-fields' '-fstatic-argument-transformation'
 '-fexpose-all-unfoldings' '-fsimpl-tick-factor=100'
 '-fstrictness-before=1' '-fdo-eta-reduction' '-fexpose-all-unfoldings'
 '-fstatic-argument-transformation' '-fno-opt-coercion' '-fvectorise'
 '-fvectorisation-avoidance' '-feager-blackholing']",fast,0.212,0.212
418,3b74d3f9-4e20-425a-85e9-d067ad7e4321,"['-O0' '-fmax-inline-memset-insns=32' '-fcmm-elim-common-blocks'
 '-fcmm-sink' '-fdo-lambda-eta-expansion' '-fsimplifier-phases=2'
 '-fsimplifier-phases=2' '-fspecialise' '-fdo-lambda-eta-expansion'
 '-fcross-module-specialise' '-fsimplifier-phases=2' '-fregs-graph'
 '-fregs-iterative' '-fcall-arity' '-fstrictness' '-fpedantic-bottoms'
 '-fno-opt-coercion' '-fexpose-all-unfoldings' '-fdicts-strict']",fast,0.212,0.212
419,ef55cf35-e522-4c8e-873b-d6af612a9f71,"['-O0' '-fenable-rewrite-rules' '-fvectorisation-avoidance'
 '-funfolding-use-threshold=60' '-funfolding-dict-discount=30'
 '-funfolding-use-threshold=60' '-fcmm-elim-common-blocks'
 '-fmax-simplifier-iterations=4' '-fcall-arity' '-fno-pre-inlining'
 '-fmax-inline-alloc-size=128' '-funfolding-use-threshold=60'
 '-feager-blackholing' '-fregs-iterative'
 '-fstatic-argument-transformation' '-fdicts-strict'
 '-fmax-inline-alloc-size=128' '-fdicts-strict' '-funbox-strict-fields']",fast,0.213,0.213
420,60db47ed-85d1-4b97-852e-787488349c6f,"['-O0' '-fsimplifier-phases=2' '-fdo-lambda-eta-expansion'
 '-fsimpl-tick-factor=100' '-fignore-asserts' '-fdicts-strict'
 '-foptimal-applicative-do' '-fdicts-cheap' '-fomit-interface-pragmas'
 '-fworker-wrapper' '-funfolding-fun-discount=60'
 '-fsimpl-tick-factor=100' '-fdicts-cheap' '-fregs-iterative'
 '-fspecialise' '-fdo-lambda-eta-expansion' '-fspec-constr-threshold=2000'
 '-fdo-lambda-eta-expansion' '-feager-blackholing']",fast,0.213,0.213
421,c340807f-00ed-4931-aa18-16ec2b42760a,"['-O0' '-funfolding-fun-discount=60' '-fspec-constr-count=3'
 '-ffun-to-thunk' '-fdicts-cheap' '-fdicts-strict'
 '-funfolding-fun-discount=60' '-fmax-inline-memcpy-insns=32'
 '-funbox-small-strict-fields' '-fregs-graph' '-fvectorise'
 '-fdmd-tx-dict-sel' '-fstrictness' '-fsimplifier-phases=2'
 '-fmax-worker-args=10' '-fpedantic-bottoms'
 '-funfolding-use-threshold=60' '-fomit-yields'
 '-funfolding-dict-discount=30']",fast,0.212,0.212
422,b066ada6-1871-42a8-80a2-7ab06b20324c,"['-O0' '-fspec-constr-count=3' '-fcse' '-fignore-interface-pragmas'
 '-fcse' '-fdo-lambda-eta-expansion' '-ffun-to-thunk'
 '-fexpose-all-unfoldings' '-fspecialise' '-fdo-lambda-eta-expansion'
 '-fpedantic-bottoms' '-fvectorisation-avoidance'
 '-fspec-constr-threshold=2000' '-fspec-constr-threshold=2000'
 '-fexpose-all-unfoldings' '-fcall-arity' '-fregs-iterative' '-fvectorise'
 '-fno-state-hack']",fast,0.213,0.213
423,741e360a-c7bf-42e5-8a45-d4b44b3b05f9,"['-O0' '-fspecialise' '-fomit-yields' '-fmax-inline-alloc-size=128'
 '-fignore-asserts' '-fignore-asserts' '-fexpose-all-unfoldings'
 '-funfolding-dict-discount=30' '-fsimpl-tick-factor=100'
 '-fliberate-case-threshold=2000' '-fomit-interface-pragmas'
 '-fcall-arity' '-fomit-interface-pragmas' '-fvectorise'
 '-fdo-eta-reduction' '-fcse' '-fstrictness-before=1'
 '-fexpose-all-unfoldings' '-fdmd-tx-dict-sel']",fast,0.212,0.212
424,fe3831e6-73fd-491c-adc7-2dba6469ef6b,"['-O0' '-fspec-constr-count=3' '-fmax-worker-args=10'
 '-fmax-relevant-binds=6' '-fmax-inline-memcpy-insns=32'
 '-fmax-simplifier-iterations=4' '-funfolding-keeness-factor=1.5'
 '-funfolding-dict-discount=30' '-fdicts-cheap' '-fsimplifier-phases=2'
 '-funfolding-fun-discount=60' '-fmax-inline-memcpy-insns=32'
 '-fmax-simplifier-iterations=4' '-fcse' '-fspec-constr-threshold=2000'
 '-fmax-simplifier-iterations=4' '-fvectorise' '-ffull-laziness'
 '-fno-state-hack']",fast,0.211,0.211
425,4df32b0c-4528-43c7-afb8-16b562773061,"['-O0' '-fmax-inline-alloc-size=128' '-fenable-rewrite-rules'
 '-fexpose-all-unfoldings' '-funfolding-use-threshold=60'
 '-fcross-module-specialise' '-ffloat-in' '-fcpr-anal' '-fdicts-strict'
 '-funfolding-fun-discount=60' '-fexcess-precision'
 '-fmax-inline-memset-insns=32' '-fcmm-sink' '-ffun-to-thunk'
 '-fno-state-hack' '-fno-pre-inlining' '-funfolding-keeness-factor=1.5'
 '-fdicts-cheap' '-fcse']",fast,0.21,0.21
426,7e2c2bb9-ab38-4868-89fc-4ba6722b896a,"['-O0' '-fmax-inline-alloc-size=128' '-fomit-yields'
 '-fcmm-elim-common-blocks' '-fspecialise' '-fcpr-anal' '-ffull-laziness'
 '-fstrictness' '-fspec-constr-threshold=2000' '-fcpr-anal' '-fstrictness'
 '-fspec-constr' '-fmax-inline-memcpy-insns=32' '-fexcess-precision'
 '-funfolding-fun-discount=60' '-fsimpl-tick-factor=100' '-fdicts-strict'
 '-foptimal-applicative-do' '-fcse']",fast,0.211,0.211
427,0a22fe83-b953-472c-a9e2-15c5e74d0a9c,"['-O0' '-flate-dmd-anal' '-fdicts-cheap' '-fno-opt-coercion'
 '-fignore-interface-pragmas' '-fmax-relevant-binds=6' '-fliberate-case'
 '-fignore-interface-pragmas' '-funfolding-use-threshold=60'
 '-fdicts-strict' '-flate-dmd-anal' '-fno-opt-coercion'
 '-funfolding-fun-discount=60' '-fcase-merge' '-fdicts-cheap'
 '-funfolding-fun-discount=60' '-fcpr-anal' '-fmax-relevant-binds=6'
 '-ffun-to-thunk']",fast,0.211,0.211
428,07ff8da6-f956-4bd2-a7b2-095779d74bbb,"['-O0' '-floopification' '-fliberate-case' '-fsimpl-tick-factor=100'
 '-fmax-simplifier-iterations=4' '-fregs-graph' '-fomit-interface-pragmas'
 '-funfolding-creation-threshold=750' '-funfolding-keeness-factor=1.5'
 '-fmax-simplifier-iterations=4' '-fomit-interface-pragmas'
 '-fmax-inline-memcpy-insns=32' '-fdo-lambda-eta-expansion'
 '-fregs-iterative' '-fdo-eta-reduction' '-fsimplifier-phases=2'
 '-fmax-inline-alloc-size=128' '-fcse' '-fmax-inline-memcpy-insns=32']",fast,0.215,0.215
429,3c35751d-3806-4711-a762-2b9a3d110df9,"['-O0' '-fdo-lambda-eta-expansion' '-floopification'
 '-funfolding-creation-threshold=750' '-fenable-rewrite-rules'
 '-fcross-module-specialise' '-fno-pre-inlining'
 '-funfolding-use-threshold=60' '-fvectorisation-avoidance'
 '-fmax-relevant-binds=6' '-fdmd-tx-dict-sel' '-feager-blackholing'
 '-fstrictness-before=1' '-fdmd-tx-dict-sel' '-fmax-worker-args=10'
 '-fworker-wrapper' '-fno-opt-coercion' '-foptimal-applicative-do'
 '-fcross-module-specialise']",fast,0.21,0.21
430,c423365b-f132-420b-b708-9acd704af23f,"['-O0' '-funbox-strict-fields' '-fsimpl-tick-factor=100'
 '-fspec-constr-threshold=2000' '-fno-pre-inlining' '-fstrictness'
 '-funbox-small-strict-fields' '-fspec-constr-count=3'
 '-fexpose-all-unfoldings' '-fexcess-precision'
 '-fmax-inline-memset-insns=32' '-fomit-interface-pragmas'
 '-fdo-lambda-eta-expansion' '-fregs-graph' '-fspec-constr'
 '-fcmm-elim-common-blocks' '-fspec-constr-count=3' '-ffun-to-thunk'
 '-fspec-constr-count=3']",fast,0.212,0.212
431,cb383152-7524-439d-b7f9-f81bb2467e07,"['-O0' '-fcase-merge' '-fignore-asserts' '-fenable-rewrite-rules'
 '-fregs-graph' '-fcall-arity' '-fregs-iterative' '-fspec-constr'
 '-funfolding-keeness-factor=1.5' '-fdo-eta-reduction'
 '-fdo-lambda-eta-expansion' '-fmax-inline-memset-insns=32'
 '-ffull-laziness' '-fdmd-tx-dict-sel' '-fdicts-cheap'
 '-fpedantic-bottoms' '-funfolding-keeness-factor=1.5'
 '-funfolding-creation-threshold=750' '-fstrictness']",fast,0.211,0.211
432,7316dcad-aadb-4161-ac2b-e7d7fded0f3d,"['-O0' '-foptimal-applicative-do' '-fvectorise' '-fdicts-cheap'
 '-fcmm-sink' '-fliberate-case' '-fdo-lambda-eta-expansion'
 '-fspec-constr' '-fmax-relevant-binds=6' '-ffull-laziness'
 '-fsimpl-tick-factor=100' '-fno-pre-inlining' '-ffull-laziness'
 '-fworker-wrapper' '-funfolding-creation-threshold=750' '-fregs-graph'
 '-funbox-strict-fields' '-fcase-merge' '-fcase-merge']",fast,0.211,0.211
433,2deafe69-854b-4001-ae0b-74be28d84c88,"['-O0' '-fsimplifier-phases=2' '-fsimpl-tick-factor=100'
 '-fcross-module-specialise' '-fomit-yields' '-fcross-module-specialise'
 '-fexpose-all-unfoldings' '-fregs-iterative' '-fspecialise'
 '-fsimplifier-phases=2' '-fno-state-hack' '-feager-blackholing'
 '-fignore-asserts' '-fdicts-strict' '-fstatic-argument-transformation'
 '-fmax-inline-alloc-size=128' '-fstrictness-before=1'
 '-fmax-relevant-binds=6' '-fliberate-case-threshold=2000']",fast,0.214,0.214
434,66d81da3-74ee-4cf4-947e-a9cd8d00fd07,"['-O0' '-fliberate-case-threshold=2000' '-fomit-interface-pragmas'
 '-fpedantic-bottoms' '-fvectorise' '-flate-dmd-anal' '-ffull-laziness'
 '-fspec-constr' '-ffull-laziness' '-funbox-small-strict-fields'
 '-fdo-eta-reduction' '-funfolding-dict-discount=30'
 '-fspec-constr-threshold=2000' '-fvectorisation-avoidance'
 '-fomit-interface-pragmas' '-flate-dmd-anal' '-fcross-module-specialise'
 '-funbox-strict-fields' '-fvectorisation-avoidance']",fast,0.213,0.213
435,ec5c99df-d50b-451c-b00b-1095da67de3b,"['-O0' '-fdo-lambda-eta-expansion' '-fspecialise' '-fmax-relevant-binds=6'
 '-fpedantic-bottoms' '-fcmm-sink' '-fcmm-elim-common-blocks'
 '-funfolding-dict-discount=30' '-fliberate-case-threshold=2000'
 '-fspec-constr' '-fdicts-strict' '-flate-dmd-anal' '-fcpr-anal'
 '-fomit-interface-pragmas' '-feager-blackholing'
 '-fsimpl-tick-factor=100' '-funfolding-keeness-factor=1.5'
 '-fworker-wrapper' '-fignore-asserts']",fast,0.212,0.212
436,c728795d-59db-4aa7-9aaa-f966ffa00e5a,"['-O0' '-fvectorise' '-fspec-constr-count=3' '-fdo-lambda-eta-expansion'
 '-fmax-relevant-binds=6' '-fliberate-case-threshold=2000'
 '-funbox-small-strict-fields' '-feager-blackholing'
 '-fmax-inline-alloc-size=128' '-fdo-lambda-eta-expansion' '-fcase-merge'
 '-fno-opt-coercion' '-ffull-laziness' '-fmax-inline-alloc-size=128'
 '-fexcess-precision' '-fcpr-anal' '-funbox-small-strict-fields'
 '-fliberate-case-threshold=2000' '-fmax-inline-memcpy-insns=32']",fast,0.211,0.211
437,3ea03f22-749c-49f9-b010-94a8bd53a186,"['-O0' '-fspecialise' '-fcmm-elim-common-blocks' '-floopification'
 '-fvectorisation-avoidance' '-fexpose-all-unfoldings'
 '-fvectorisation-avoidance' '-fregs-graph' '-fmax-worker-args=10'
 '-fmax-inline-alloc-size=128' '-fcse' '-funbox-small-strict-fields'
 '-fmax-inline-alloc-size=128' '-flate-dmd-anal'
 '-fmax-inline-memcpy-insns=32' '-fdmd-tx-dict-sel' '-fregs-iterative'
 '-fregs-graph' '-fmax-simplifier-iterations=4']",fast,0.211,0.211
438,5a696022-a2bb-40ab-9699-81a8076fd002,"['-O0' '-fmax-worker-args=10' '-fdo-eta-reduction' '-fcase-merge'
 '-fmax-simplifier-iterations=4' '-fdo-eta-reduction' '-fomit-yields'
 '-funbox-small-strict-fields' '-fspec-constr-threshold=2000'
 '-fdicts-cheap' '-fignore-interface-pragmas' '-fignore-interface-pragmas'
 '-funfolding-fun-discount=60' '-fspec-constr-threshold=2000'
 '-fdo-eta-reduction' '-fno-state-hack' '-fdo-lambda-eta-expansion'
 '-funfolding-keeness-factor=1.5' '-fstrictness']",fast,0.212,0.212
439,fed10f65-abe7-4337-bb7c-cc6c509ca98f,"['-O0' '-fstatic-argument-transformation' '-fexpose-all-unfoldings'
 '-ffull-laziness' '-fmax-inline-alloc-size=128' '-fmax-worker-args=10'
 '-fcall-arity' '-fexpose-all-unfoldings' '-fno-pre-inlining'
 '-fmax-inline-memcpy-insns=32' '-fspec-constr-threshold=2000'
 '-fmax-inline-alloc-size=128' '-fspecialise' '-fworker-wrapper'
 '-fstrictness' '-fmax-inline-alloc-size=128' '-fregs-graph'
 '-fpedantic-bottoms' '-fignore-asserts']",fast,0.211,0.211
440,15b54a85-8098-43cd-aa67-99e377487e5a,"['-O0' '-fspec-constr-threshold=2000' '-fstatic-argument-transformation'
 '-fmax-inline-memset-insns=32' '-fstatic-argument-transformation'
 '-fworker-wrapper' '-fcross-module-specialise' '-fvectorise'
 '-fdicts-strict' '-ffloat-in' '-funfolding-fun-discount=60'
 '-fsimplifier-phases=2' '-fno-pre-inlining' '-floopification'
 '-fmax-inline-memcpy-insns=32' '-fdicts-cheap' '-fomit-yields'
 '-fspecialise' '-fomit-yields']",fast,0.213,0.213
441,395b632c-ec61-4415-8bca-6ce0df738a05,"['-O0' '-fcmm-sink' '-funfolding-creation-threshold=750' '-flate-dmd-anal'
 '-funbox-small-strict-fields' '-fcpr-anal' '-funbox-strict-fields'
 '-fstrictness' '-fvectorise' '-funfolding-creation-threshold=750'
 '-fspec-constr' '-fstrictness-before=1' '-fstrictness'
 '-funbox-small-strict-fields' '-fno-opt-coercion'
 '-fmax-inline-alloc-size=128' '-fspecialise'
 '-funbox-small-strict-fields' '-fignore-interface-pragmas']",fast,0.211,0.211
442,ae6b8cc0-28a0-4376-ab8b-cd40e7ab885d,"['-O0' '-fspec-constr-threshold=2000' '-fno-opt-coercion'
 '-fexpose-all-unfoldings' '-funfolding-fun-discount=60'
 '-funbox-small-strict-fields' '-funfolding-keeness-factor=1.5'
 '-foptimal-applicative-do' '-fno-opt-coercion' '-fliberate-case'
 '-fdo-lambda-eta-expansion' '-fno-pre-inlining' '-ffull-laziness'
 '-fdicts-strict' '-fmax-inline-memset-insns=32' '-fignore-asserts'
 '-funbox-small-strict-fields' '-fliberate-case' '-fno-state-hack']",fast,0.21,0.21
443,3bb465a4-2c2b-4808-b3aa-3a383f8ad04f,"['-O0' '-fmax-relevant-binds=6' '-feager-blackholing'
 '-fexpose-all-unfoldings' '-fworker-wrapper' '-fcpr-anal' '-fstrictness'
 '-fdo-eta-reduction' '-fno-state-hack' '-ffloat-in' '-fno-opt-coercion'
 '-ffull-laziness' '-fstatic-argument-transformation' '-fno-pre-inlining'
 '-fdicts-cheap' '-fstrictness' '-fvectorisation-avoidance' '-ffloat-in'
 '-fcmm-sink']",fast,0.213,0.213
444,300ee9d0-40de-4eae-85c9-a1e2cb3ee7e1,"['-O0' '-funfolding-fun-discount=60' '-flate-dmd-anal' '-fdicts-cheap'
 '-fcase-merge' '-funbox-small-strict-fields' '-floopification' '-fcse'
 '-fdicts-cheap' '-funfolding-use-threshold=60' '-fmax-relevant-binds=6'
 '-fno-opt-coercion' '-ffull-laziness' '-fexpose-all-unfoldings'
 '-fenable-rewrite-rules' '-fcase-merge'
 '-fstatic-argument-transformation' '-fspecialise' '-fexcess-precision']",fast,0.212,0.212
445,9d7297af-7541-47d4-9e7a-0ab751dafa8d,"['-O0' '-fspec-constr' '-fignore-asserts' '-fno-opt-coercion'
 '-funbox-strict-fields' '-fspec-constr' '-fspec-constr-count=3'
 '-funbox-strict-fields' '-fworker-wrapper' '-fno-pre-inlining' '-fcse'
 '-fcse' '-fstatic-argument-transformation' '-fexpose-all-unfoldings'
 '-fcmm-elim-common-blocks' '-funfolding-creation-threshold=750'
 '-fsimpl-tick-factor=100' '-fsimplifier-phases=2' '-fregs-graph']",fast,0.211,0.211
446,b1021277-67ef-4ca7-a178-0003dfb94577,"['-O0' '-ffun-to-thunk' '-floopification' '-fenable-rewrite-rules'
 '-ffun-to-thunk' '-funbox-small-strict-fields' '-flate-dmd-anal'
 '-ffull-laziness' '-fno-opt-coercion' '-funfolding-use-threshold=60'
 '-fignore-interface-pragmas' '-fpedantic-bottoms'
 '-funfolding-use-threshold=60' '-fmax-inline-memset-insns=32'
 '-fdicts-strict' '-fmax-inline-memcpy-insns=32' '-fexcess-precision'
 '-fsimplifier-phases=2' '-fsimpl-tick-factor=100']",fast,0.211,0.211
447,a6bd6ae9-992d-441e-bc31-30cd77dda8b0,"['-O0' '-fexcess-precision' '-fstrictness-before=1' '-fno-pre-inlining'
 '-fenable-rewrite-rules' '-fstatic-argument-transformation'
 '-fignore-asserts' '-fignore-asserts' '-fdicts-cheap'
 '-fignore-interface-pragmas' '-fsimplifier-phases=2' '-fno-pre-inlining'
 '-fcase-merge' '-fpedantic-bottoms' '-fdicts-cheap'
 '-fomit-interface-pragmas' '-fstrictness-before=1' '-fno-state-hack'
 '-fdmd-tx-dict-sel']",fast,0.212,0.212
448,c464e915-4f7c-4e35-b273-b343dca1b7c5,"['-O0' '-fregs-iterative' '-fmax-worker-args=10'
 '-fcmm-elim-common-blocks' '-funfolding-use-threshold=60'
 '-funbox-small-strict-fields' '-fdmd-tx-dict-sel' '-floopification'
 '-fno-pre-inlining' '-fno-pre-inlining' '-fdicts-cheap' '-flate-dmd-anal'
 '-fexpose-all-unfoldings' '-flate-dmd-anal' '-fcall-arity'
 '-fstatic-argument-transformation' '-fenable-rewrite-rules'
 '-fsimpl-tick-factor=100' '-fno-pre-inlining']",fast,0.212,0.212
449,3265b74f-2f73-4fee-a961-be30fe0e71f9,"['-O0' '-fmax-worker-args=10' '-fregs-graph' '-feager-blackholing'
 '-feager-blackholing' '-fliberate-case' '-ffun-to-thunk'
 '-funfolding-keeness-factor=1.5' '-floopification'
 '-fspec-constr-count=3' '-fcse' '-fno-pre-inlining'
 '-fmax-inline-alloc-size=128' '-fregs-graph' '-fregs-graph'
 '-fpedantic-bottoms' '-fdo-lambda-eta-expansion' '-fignore-asserts'
 '-funfolding-creation-threshold=750']",fast,0.211,0.211
450,25e6a566-4bee-4315-af14-4e3b1746c934,"['-O0' '-fvectorise' '-fdmd-tx-dict-sel' '-fcpr-anal' '-fomit-yields'
 '-fcmm-sink' '-fstatic-argument-transformation' '-fcmm-sink'
 '-fliberate-case-threshold=2000' '-ffloat-in'
 '-fmax-inline-memset-insns=32' '-ffun-to-thunk'
 '-fcmm-elim-common-blocks' '-fpedantic-bottoms' '-fregs-graph'
 '-fcall-arity' '-fstatic-argument-transformation'
 '-fomit-interface-pragmas' '-fdo-lambda-eta-expansion']",fast,0.211,0.211
451,9a0222dd-e1a8-4667-9b8c-8c5925217327,"['-O0' '-fspec-constr' '-fdo-eta-reduction' '-fdo-lambda-eta-expansion'
 '-fcmm-sink' '-fdo-eta-reduction' '-funfolding-use-threshold=60'
 '-foptimal-applicative-do' '-fspec-constr' '-fmax-inline-memcpy-insns=32'
 '-fno-opt-coercion' '-ffun-to-thunk' '-fenable-rewrite-rules'
 '-fcmm-elim-common-blocks' '-fcross-module-specialise' '-fignore-asserts'
 '-fmax-inline-alloc-size=128' '-fliberate-case' '-fpedantic-bottoms']",fast,0.212,0.212
452,c540460b-8d58-4ac6-84c9-c676e7d84726,"['-O0' '-fignore-interface-pragmas' '-fdo-eta-reduction'
 '-funbox-small-strict-fields' '-funbox-small-strict-fields'
 '-fspecialise' '-fomit-interface-pragmas' '-fomit-interface-pragmas'
 '-ffull-laziness' '-fcase-merge' '-fspec-constr' '-fspec-constr'
 '-fregs-iterative' '-fomit-yields' '-fregs-iterative'
 '-fsimplifier-phases=2' '-fregs-iterative'
 '-fmax-simplifier-iterations=4' '-fstrictness-before=1']",fast,0.212,0.212
453,672b8e19-3a5d-4dd5-82c9-4f6188e00646,"['-O0' '-fmax-inline-memset-insns=32' '-fliberate-case-threshold=2000'
 '-fdo-lambda-eta-expansion' '-fmax-inline-memcpy-insns=32'
 '-fdicts-cheap' '-fcmm-sink' '-fsimpl-tick-factor=100'
 '-fmax-simplifier-iterations=4' '-fcross-module-specialise' '-fvectorise'
 '-fworker-wrapper' '-feager-blackholing' '-fcross-module-specialise'
 '-fexcess-precision' '-fomit-interface-pragmas' '-fomit-yields'
 '-fcmm-elim-common-blocks' '-fstrictness-before=1']",fast,0.21,0.21
454,5111479d-f2d1-4485-a2ec-188989272dc9,"['-O0' '-funfolding-use-threshold=60' '-fpedantic-bottoms'
 '-fliberate-case-threshold=2000' '-funfolding-fun-discount=60'
 '-fvectorisation-avoidance' '-fspec-constr-count=3'
 '-fstrictness-before=1' '-fomit-yields' '-ffun-to-thunk'
 '-fliberate-case' '-fspec-constr-count=3' '-funfolding-use-threshold=60'
 '-fspecialise' '-fignore-interface-pragmas' '-fsimplifier-phases=2'
 '-fpedantic-bottoms' '-fenable-rewrite-rules' '-fexcess-precision']",fast,0.211,0.211
455,58eb74d9-b5cd-4aa0-bb18-db3488084398,"['-O0' '-flate-dmd-anal' '-funfolding-fun-discount=60'
 '-fvectorisation-avoidance' '-funfolding-keeness-factor=1.5'
 '-fpedantic-bottoms' '-fspec-constr-count=3'
 '-fspec-constr-threshold=2000' '-funbox-small-strict-fields'
 '-funfolding-use-threshold=60' '-fsimpl-tick-factor=100'
 '-fspec-constr-count=3' '-fignore-interface-pragmas'
 '-fsimplifier-phases=2' '-fregs-graph' '-fcmm-sink'
 '-fmax-relevant-binds=6' '-fspec-constr-threshold=2000'
 '-funbox-small-strict-fields']",fast,0.211,0.211
456,b0bb3162-561a-4573-8ef3-48120faf4bd3,"['-O0' '-ffun-to-thunk' '-fmax-inline-memset-insns=32'
 '-fcmm-elim-common-blocks' '-fdo-eta-reduction' '-fliberate-case'
 '-fvectorise' '-fliberate-case-threshold=2000' '-fcse'
 '-feager-blackholing' '-fsimpl-tick-factor=100' '-fsimpl-tick-factor=100'
 '-ffull-laziness' '-fsimplifier-phases=2' '-fspecialise' '-fomit-yields'
 '-fdicts-strict' '-fspec-constr' '-fcase-merge']",fast,0.211,0.211
457,bac4d925-6f89-4fb7-8409-e187b61b34ff,"['-O0' '-fregs-iterative' '-fpedantic-bottoms'
 '-fstatic-argument-transformation' '-fignore-asserts'
 '-fmax-relevant-binds=6' '-fsimplifier-phases=2' '-ffun-to-thunk'
 '-fexcess-precision' '-funfolding-creation-threshold=750'
 '-fdmd-tx-dict-sel' '-fignore-interface-pragmas'
 '-funfolding-creation-threshold=750' '-fexcess-precision'
 '-ffull-laziness' '-ffull-laziness' '-fcmm-elim-common-blocks'
 '-fstrictness-before=1' '-fspecialise']",fast,0.212,0.212
458,111318ed-44af-4f2c-a8e3-2fdf223d4817,"['-O0' '-fmax-relevant-binds=6' '-fvectorisation-avoidance'
 '-fdicts-strict' '-feager-blackholing' '-fcmm-sink' '-fcall-arity'
 '-fmax-inline-memset-insns=32' '-fcmm-elim-common-blocks'
 '-fspec-constr-count=3' '-fcall-arity' '-foptimal-applicative-do'
 '-fspec-constr' '-fmax-inline-memset-insns=32'
 '-funfolding-dict-discount=30' '-fregs-iterative' '-fno-opt-coercion'
 '-funbox-small-strict-fields' '-flate-dmd-anal']",fast,0.211,0.211
459,2641049a-2983-4fbc-92d7-e99716d640c4,"['-O0' '-fexcess-precision' '-fsimplifier-phases=2' '-fworker-wrapper'
 '-fpedantic-bottoms' '-foptimal-applicative-do'
 '-funbox-small-strict-fields' '-fdmd-tx-dict-sel' '-fregs-graph'
 '-ffun-to-thunk' '-fsimpl-tick-factor=100' '-fliberate-case'
 '-fexcess-precision' '-flate-dmd-anal' '-fliberate-case-threshold=2000'
 '-fsimplifier-phases=2' '-feager-blackholing' '-fpedantic-bottoms'
 '-fdicts-cheap']",fast,0.211,0.211
460,99e37613-76ae-436f-a45e-cf8598c573b6,"['-O0' '-fvectorise' '-ffull-laziness' '-feager-blackholing'
 '-funfolding-use-threshold=60' '-fexpose-all-unfoldings'
 '-fomit-interface-pragmas' '-ffloat-in' '-fmax-inline-alloc-size=128'
 '-funbox-small-strict-fields' '-fspec-constr-count=3'
 '-funbox-strict-fields' '-fno-state-hack' '-fliberate-case'
 '-funfolding-creation-threshold=750' '-fvectorisation-avoidance'
 '-fmax-worker-args=10' '-fvectorisation-avoidance' '-fspec-constr']",fast,0.211,0.211
461,ac23f00f-1a06-4e38-800c-03201c39d86f,"['-O0' '-funfolding-creation-threshold=750' '-fexcess-precision'
 '-funfolding-dict-discount=30' '-feager-blackholing'
 '-fmax-inline-alloc-size=128' '-ffun-to-thunk' '-foptimal-applicative-do'
 '-fomit-interface-pragmas' '-fliberate-case'
 '-fspec-constr-threshold=2000' '-fcpr-anal'
 '-fspec-constr-threshold=2000' '-fstrictness' '-fcase-merge'
 '-funfolding-keeness-factor=1.5' '-funfolding-fun-discount=60'
 '-fstrictness' '-funbox-small-strict-fields']",fast,0.212,0.212
462,7b64fca9-c846-4cf4-9992-d36d175349aa,"['-O0' '-fvectorisation-avoidance' '-ffull-laziness' '-fcmm-sink'
 '-fno-state-hack' '-fenable-rewrite-rules'
 '-fstatic-argument-transformation' '-fomit-interface-pragmas'
 '-fstatic-argument-transformation' '-funfolding-keeness-factor=1.5'
 '-funfolding-dict-discount=30' '-fdicts-strict' '-fspecialise'
 '-fstatic-argument-transformation' '-feager-blackholing'
 '-fmax-inline-memcpy-insns=32' '-flate-dmd-anal' '-fliberate-case'
 '-funfolding-use-threshold=60']",fast,0.214,0.214
463,24f7a17b-c24a-4892-bb0d-09c4e9b3a998,"['-O0' '-ffloat-in' '-fcase-merge' '-fregs-iterative'
 '-fomit-interface-pragmas' '-feager-blackholing' '-fdicts-strict'
 '-funfolding-creation-threshold=750' '-fdmd-tx-dict-sel' '-fvectorise'
 '-fcase-merge' '-fspec-constr-count=3' '-fregs-iterative'
 '-fregs-iterative' '-flate-dmd-anal' '-fmax-worker-args=10'
 '-funbox-strict-fields' '-funbox-strict-fields' '-fomit-yields']",fast,0.213,0.213
464,66e0fe7d-3ce2-4c30-81da-0d0a76e720d4,"['-O0' '-fexpose-all-unfoldings' '-fexcess-precision' '-fregs-iterative'
 '-funfolding-use-threshold=60' '-fcmm-elim-common-blocks' '-fregs-graph'
 '-fsimplifier-phases=2' '-fspec-constr-count=3'
 '-fmax-inline-memcpy-insns=32' '-fregs-iterative'
 '-fspec-constr-threshold=2000' '-funfolding-creation-threshold=750'
 '-fmax-worker-args=10' '-foptimal-applicative-do' '-fstrictness-before=1'
 '-fliberate-case' '-fomit-interface-pragmas'
 '-fmax-inline-memset-insns=32']",fast,0.211,0.211
465,43c161da-5998-4e20-8039-b54ae1ef870e,"['-O0' '-fstrictness-before=1' '-fcall-arity' '-fliberate-case'
 '-funfolding-dict-discount=30' '-fsimplifier-phases=2'
 '-fmax-inline-alloc-size=128' '-fomit-yields' '-funbox-strict-fields'
 '-flate-dmd-anal' '-ffun-to-thunk' '-fsimplifier-phases=2'
 '-fmax-inline-memset-insns=32' '-fsimpl-tick-factor=100'
 '-funbox-strict-fields' '-fvectorisation-avoidance'
 '-fmax-inline-memcpy-insns=32' '-fdicts-strict' '-fcpr-anal']",fast,0.211,0.211
466,2a71f7a0-7f5a-49fb-9de7-65febabaaee8,"['-O0' '-fcross-module-specialise' '-fstatic-argument-transformation'
 '-fsimpl-tick-factor=100' '-fcpr-anal' '-fdo-eta-reduction' '-fcmm-sink'
 '-ffull-laziness' '-fcase-merge' '-fspecialise' '-feager-blackholing'
 '-fcmm-elim-common-blocks' '-ffull-laziness' '-fcse'
 '-feager-blackholing' '-fcross-module-specialise' '-funbox-strict-fields'
 '-fcpr-anal' '-fstrictness-before=1']",fast,0.211,0.211
467,da0926fa-e764-4a19-a7c5-0842f4c9abb6,"['-O0' '-fliberate-case' '-fexcess-precision' '-fignore-asserts'
 '-fcmm-sink' '-flate-dmd-anal' '-funbox-small-strict-fields'
 '-fpedantic-bottoms' '-fmax-worker-args=10'
 '-fliberate-case-threshold=2000' '-fstrictness' '-ffloat-in'
 '-funfolding-use-threshold=60' '-funbox-strict-fields'
 '-funbox-strict-fields' '-ffull-laziness' '-fmax-inline-memcpy-insns=32'
 '-fcpr-anal' '-fstrictness']",fast,0.211,0.211
468,1df224b6-fa5d-452f-ba63-0f79a06518f1,"['-O0' '-funfolding-fun-discount=60' '-fno-pre-inlining' '-fcse'
 '-fstatic-argument-transformation' '-fstrictness' '-fno-pre-inlining'
 '-fdicts-cheap' '-fcmm-sink' '-fstrictness-before=1'
 '-fliberate-case-threshold=2000' '-ffloat-in' '-fspec-constr-count=3'
 '-funfolding-dict-discount=30' '-fignore-interface-pragmas'
 '-fstrictness' '-fcse' '-floopification' '-fcmm-sink']",fast,0.211,0.211
469,b173e45b-816d-4bad-82c5-131d812593d3,"['-O0' '-fcse' '-fomit-interface-pragmas' '-fomit-interface-pragmas'
 '-fstatic-argument-transformation' '-fignore-asserts' '-fdmd-tx-dict-sel'
 '-fignore-interface-pragmas' '-fpedantic-bottoms' '-fdmd-tx-dict-sel'
 '-fcmm-elim-common-blocks' '-ffun-to-thunk'
 '-funfolding-use-threshold=60' '-fliberate-case' '-fignore-asserts'
 '-fenable-rewrite-rules' '-fstrictness' '-fdmd-tx-dict-sel'
 '-fspec-constr-threshold=2000']",fast,0.212,0.212
470,b0c999ee-2ad0-437d-aa7a-fb3a380bdbd5,"['-O0' '-fcpr-anal' '-funfolding-dict-discount=30'
 '-fcmm-elim-common-blocks' '-fenable-rewrite-rules'
 '-fignore-interface-pragmas' '-funfolding-fun-discount=60'
 '-fliberate-case-threshold=2000' '-fvectorisation-avoidance'
 '-fsimplifier-phases=2' '-fsimplifier-phases=2' '-fcase-merge'
 '-funfolding-dict-discount=30' '-fcase-merge'
 '-funfolding-keeness-factor=1.5' '-fno-pre-inlining' '-fdmd-tx-dict-sel'
 '-fvectorise' '-fliberate-case-threshold=2000']",fast,0.21,0.21
471,b6e51dc5-83ba-4529-b5fb-55077e7d7b8f,"['-O0' '-flate-dmd-anal' '-funbox-strict-fields' '-fspec-constr-count=3'
 '-fcase-merge' '-fdo-eta-reduction' '-fmax-worker-args=10'
 '-fdicts-strict' '-fstrictness-before=1' '-fmax-inline-alloc-size=128'
 '-fdmd-tx-dict-sel' '-fcse' '-fstatic-argument-transformation'
 '-fmax-inline-memcpy-insns=32' '-fspec-constr-threshold=2000'
 '-fno-opt-coercion' '-funfolding-keeness-factor=1.5'
 '-foptimal-applicative-do' '-funbox-small-strict-fields']",fast,0.211,0.211
472,87d4b773-fc5b-4678-9ccc-201837d453bf,"['-O0' '-fcross-module-specialise' '-fcall-arity' '-ffull-laziness'
 '-fdo-lambda-eta-expansion' '-fomit-interface-pragmas' '-ffull-laziness'
 '-flate-dmd-anal' '-fregs-graph' '-fspec-constr-threshold=2000'
 '-fcmm-sink' '-funfolding-dict-discount=30'
 '-fspec-constr-threshold=2000' '-fspecialise' '-fdo-eta-reduction'
 '-fliberate-case' '-fstatic-argument-transformation'
 '-funbox-small-strict-fields' '-fcmm-sink']",fast,0.213,0.213
473,8bd32dde-c40f-4b6b-8104-8fd82c5b0b77,"['-O0' '-fcmm-elim-common-blocks' '-fdo-lambda-eta-expansion'
 '-funbox-small-strict-fields' '-fomit-yields' '-funbox-strict-fields'
 '-fmax-relevant-binds=6' '-fmax-worker-args=10' '-fdmd-tx-dict-sel'
 '-fcpr-anal' '-fmax-relevant-binds=6' '-fstrictness-before=1'
 '-fpedantic-bottoms' '-fregs-iterative' '-fspec-constr-threshold=2000'
 '-fregs-graph' '-fmax-inline-alloc-size=128' '-fcmm-sink'
 '-funfolding-dict-discount=30']",fast,0.211,0.211
474,ddfff1f5-88b3-443a-8e24-49a69b38f5ac,"['-O0' '-fignore-interface-pragmas' '-fworker-wrapper'
 '-fstrictness-before=1' '-fmax-inline-memcpy-insns=32'
 '-fno-pre-inlining' '-fcase-merge' '-fstrictness'
 '-fcross-module-specialise' '-fdmd-tx-dict-sel'
 '-fliberate-case-threshold=2000' '-fstrictness-before=1'
 '-funfolding-creation-threshold=750' '-fpedantic-bottoms'
 '-fmax-worker-args=10' '-fspecialise' '-fomit-yields' '-fvectorise'
 '-fdo-eta-reduction']",fast,0.21,0.21
475,b688c2db-a390-406a-bbe0-bad61140c609,"['-O0' '-fdicts-cheap' '-fregs-iterative' '-fliberate-case'
 '-fregs-iterative' '-fregs-graph' '-flate-dmd-anal'
 '-fsimplifier-phases=2' '-fmax-inline-alloc-size=128' '-fno-pre-inlining'
 '-feager-blackholing' '-flate-dmd-anal' '-fsimplifier-phases=2' '-fcse'
 '-fvectorisation-avoidance' '-fdicts-strict' '-fliberate-case'
 '-fregs-iterative' '-fno-state-hack']",fast,0.21,0.21
476,ea05b4ce-760a-45d3-99fe-9f3585a99a03,"['-O0' '-funfolding-use-threshold=60' '-funbox-strict-fields'
 '-fspec-constr' '-fmax-simplifier-iterations=4'
 '-fspec-constr-threshold=2000' '-fexpose-all-unfoldings' '-ffloat-in'
 '-fomit-interface-pragmas' '-fstatic-argument-transformation'
 '-fcross-module-specialise' '-fignore-interface-pragmas' '-fspec-constr'
 '-fstrictness-before=1' '-fvectorise' '-fpedantic-bottoms'
 '-funfolding-fun-discount=60' '-funbox-small-strict-fields'
 '-fsimplifier-phases=2']",fast,0.213,0.213
477,71e14313-5374-4f83-ab78-6352250cd091,"['-O0' '-fdo-lambda-eta-expansion' '-funfolding-dict-discount=30'
 '-fregs-graph' '-fcross-module-specialise' '-fsimplifier-phases=2'
 '-fexcess-precision' '-funbox-strict-fields' '-ffloat-in'
 '-fno-state-hack' '-fliberate-case-threshold=2000'
 '-fmax-simplifier-iterations=4' '-fworker-wrapper' '-fexcess-precision'
 '-fignore-asserts' '-fstrictness-before=1' '-fregs-graph'
 '-fpedantic-bottoms' '-fno-pre-inlining']",fast,0.213,0.213
478,33c51fd2-e021-4694-a873-357593e4f5ff,"['-O0' '-fstrictness-before=1' '-fno-pre-inlining' '-ffull-laziness'
 '-fenable-rewrite-rules' '-fcmm-sink' '-fsimpl-tick-factor=100'
 '-fliberate-case-threshold=2000' '-fdmd-tx-dict-sel'
 '-fliberate-case-threshold=2000' '-fignore-interface-pragmas'
 '-funfolding-keeness-factor=1.5' '-funfolding-keeness-factor=1.5'
 '-fstrictness' '-fcase-merge' '-fdmd-tx-dict-sel'
 '-fstatic-argument-transformation' '-fcmm-elim-common-blocks'
 '-fcase-merge']",fast,0.212,0.212
479,8b2565a9-efb4-4b96-bbc7-7311dbe888db,"['-O0' '-fmax-worker-args=10' '-ffull-laziness' '-floopification'
 '-funfolding-use-threshold=60' '-feager-blackholing' '-ffull-laziness'
 '-fcse' '-funfolding-fun-discount=60' '-fliberate-case-threshold=2000'
 '-funfolding-keeness-factor=1.5' '-foptimal-applicative-do'
 '-funfolding-creation-threshold=750' '-fstrictness-before=1'
 '-fsimpl-tick-factor=100' '-funbox-strict-fields' '-ffloat-in'
 '-fstrictness' '-fmax-inline-memcpy-insns=32']",fast,0.213,0.213
480,4ab52882-d46f-41f3-998e-28fcb4d9e1d4,"['-O0' '-fcmm-sink' '-fmax-relevant-binds=6' '-fcmm-elim-common-blocks'
 '-fmax-inline-memcpy-insns=32' '-funfolding-keeness-factor=1.5'
 '-fmax-inline-memcpy-insns=32' '-fmax-worker-args=10'
 '-fsimplifier-phases=2' '-foptimal-applicative-do' '-fvectorise'
 '-fdicts-cheap' '-fcmm-sink' '-fsimpl-tick-factor=100'
 '-funfolding-keeness-factor=1.5' '-funbox-strict-fields'
 '-fdo-lambda-eta-expansion' '-funbox-small-strict-fields'
 '-funbox-small-strict-fields']",fast,0.212,0.212
481,172d645f-b4fe-492b-aa98-85cd096770af,"['-O0' '-fmax-inline-memset-insns=32' '-floopification'
 '-fliberate-case-threshold=2000' '-fmax-inline-memcpy-insns=32'
 '-fdicts-cheap' '-fmax-relevant-binds=6' '-fno-opt-coercion'
 '-fspecialise' '-fexcess-precision' '-funbox-small-strict-fields'
 '-ffloat-in' '-fmax-simplifier-iterations=4' '-fcase-merge'
 '-fstrictness' '-fcpr-anal' '-fdicts-cheap' '-funbox-strict-fields'
 '-fno-pre-inlining']",fast,0.212,0.212
482,f0b23055-413e-40bf-be43-9cee25f1e9d4,"['-O0' '-fcase-merge' '-fvectorisation-avoidance' '-floopification'
 '-fliberate-case' '-funbox-strict-fields' '-fspec-constr-threshold=2000'
 '-fomit-yields' '-fdicts-cheap' '-fstatic-argument-transformation'
 '-fdmd-tx-dict-sel' '-flate-dmd-anal' '-fcpr-anal' '-fcase-merge'
 '-flate-dmd-anal' '-fsimpl-tick-factor=100' '-fno-pre-inlining'
 '-fomit-interface-pragmas' '-fcse']",fast,0.21,0.21
483,b124b184-2ffd-430b-b8e8-da12b92953c1,"['-O0' '-fmax-inline-memset-insns=32' '-fno-pre-inlining'
 '-floopification' '-fvectorise' '-fdo-lambda-eta-expansion'
 '-fno-state-hack' '-fstatic-argument-transformation' '-floopification'
 '-ffun-to-thunk' '-fenable-rewrite-rules' '-fmax-worker-args=10'
 '-fcpr-anal' '-funbox-small-strict-fields' '-funfolding-fun-discount=60'
 '-fdo-lambda-eta-expansion' '-fstrictness-before=1'
 '-fmax-inline-memset-insns=32' '-fliberate-case-threshold=2000']",fast,0.212,0.212
484,b358e571-afb0-49d9-a0fe-b956608431fd,"['-O0' '-fdo-lambda-eta-expansion' '-fcase-merge'
 '-fmax-inline-memcpy-insns=32' '-fdo-lambda-eta-expansion'
 '-fno-pre-inlining' '-fexpose-all-unfoldings' '-fstrictness-before=1'
 '-ffull-laziness' '-fstatic-argument-transformation' '-fdicts-strict'
 '-funfolding-dict-discount=30' '-fcpr-anal' '-feager-blackholing'
 '-fexcess-precision' '-feager-blackholing' '-ffun-to-thunk'
 '-flate-dmd-anal' '-fno-pre-inlining']",fast,0.211,0.211
485,d72dd7f0-b83d-4da0-80a5-5b7c7653a60b,"['-O0' '-fsimplifier-phases=2' '-fstatic-argument-transformation'
 '-fdicts-cheap' '-flate-dmd-anal' '-fomit-yields' '-fregs-iterative'
 '-fregs-iterative' '-fenable-rewrite-rules' '-funbox-small-strict-fields'
 '-fignore-asserts' '-fmax-inline-alloc-size=128' '-fcmm-sink'
 '-flate-dmd-anal' '-fmax-worker-args=10' '-fdo-eta-reduction'
 '-ffloat-in' '-ffull-laziness' '-fstrictness']",fast,0.21,0.21
486,30d13f1f-1817-4581-b178-2b57c052b243,"['-O0' '-funfolding-dict-discount=30' '-fstrictness'
 '-funfolding-use-threshold=60' '-fno-opt-coercion'
 '-fstrictness-before=1' '-fpedantic-bottoms'
 '-fmax-simplifier-iterations=4' '-funfolding-creation-threshold=750'
 '-fstrictness' '-fspecialise' '-fregs-iterative' '-floopification'
 '-fignore-interface-pragmas' '-fregs-graph' '-fexpose-all-unfoldings'
 '-fstrictness-before=1' '-fstrictness' '-fcse']",fast,0.212,0.212
487,4a997b27-1661-49d1-99e5-dc4762aabeba,"['-O0' '-fstrictness-before=1' '-fregs-iterative' '-fdmd-tx-dict-sel'
 '-fmax-relevant-binds=6' '-fworker-wrapper' '-fexpose-all-unfoldings'
 '-flate-dmd-anal' '-fregs-iterative' '-fenable-rewrite-rules'
 '-fmax-simplifier-iterations=4' '-fdo-lambda-eta-expansion'
 '-fignore-asserts' '-foptimal-applicative-do'
 '-funfolding-dict-discount=30' '-fvectorisation-avoidance' '-fspecialise'
 '-funbox-small-strict-fields' '-fcross-module-specialise']",fast,0.211,0.211
488,60096ebf-585a-43f8-9285-0360b0e1923e,"['-O0' '-fregs-iterative' '-fdmd-tx-dict-sel' '-fno-opt-coercion'
 '-flate-dmd-anal' '-fmax-inline-alloc-size=128' '-fregs-graph'
 '-fexpose-all-unfoldings' '-ffull-laziness' '-fpedantic-bottoms'
 '-fcase-merge' '-fliberate-case' '-fdicts-strict' '-ffull-laziness'
 '-fregs-iterative' '-funfolding-keeness-factor=1.5' '-floopification'
 '-fexcess-precision' '-fregs-iterative']",fast,0.211,0.211
489,b7e3f8b6-a869-48fb-bd6d-6e5123028752,"['-O0' '-fomit-yields' '-fspec-constr-threshold=2000'
 '-fsimplifier-phases=2' '-funfolding-dict-discount=30'
 '-funfolding-fun-discount=60' '-fcross-module-specialise'
 '-fomit-interface-pragmas' '-feager-blackholing'
 '-fdo-lambda-eta-expansion' '-fsimplifier-phases=2'
 '-fsimplifier-phases=2' '-fignore-asserts' '-fregs-iterative'
 '-fignore-interface-pragmas' '-fignore-interface-pragmas'
 '-fdmd-tx-dict-sel' '-fdo-eta-reduction' '-fvectorisation-avoidance']",fast,0.21,0.21
490,2f656a98-d497-4382-8f57-b66052d0c498,"['-O0' '-fvectorise' '-fdicts-strict' '-fworker-wrapper' '-fcmm-sink'
 '-fcmm-elim-common-blocks' '-fvectorise' '-fmax-inline-alloc-size=128'
 '-fignore-asserts' '-fmax-simplifier-iterations=4' '-floopification'
 '-funfolding-fun-discount=60' '-fregs-graph'
 '-funbox-small-strict-fields' '-fdmd-tx-dict-sel' '-ffloat-in'
 '-fcall-arity' '-fcall-arity' '-fignore-interface-pragmas']",fast,0.21,0.21
491,91681295-b198-4090-83e3-303746fbcff6,"['-O0' '-funbox-strict-fields' '-fregs-graph' '-feager-blackholing'
 '-funfolding-dict-discount=30' '-funfolding-fun-discount=60'
 '-fspec-constr-count=3' '-fdicts-strict' '-funbox-strict-fields'
 '-fcpr-anal' '-fmax-inline-memset-insns=32' '-fexpose-all-unfoldings'
 '-fstrictness' '-fsimpl-tick-factor=100' '-funfolding-keeness-factor=1.5'
 '-fexpose-all-unfoldings' '-funfolding-dict-discount=30'
 '-fsimplifier-phases=2' '-ffun-to-thunk']",fast,0.212,0.212
492,c97264ac-3660-4323-8bf1-fb014d1b3768,"['-O0' '-fspec-constr' '-fspec-constr-threshold=2000'
 '-fmax-relevant-binds=6' '-funfolding-use-threshold=60'
 '-fomit-interface-pragmas' '-fdicts-strict' '-fignore-asserts'
 '-funbox-small-strict-fields' '-fno-state-hack' '-fliberate-case'
 '-fno-pre-inlining' '-fomit-interface-pragmas'
 '-fmax-inline-memcpy-insns=32' '-fstatic-argument-transformation'
 '-fpedantic-bottoms' '-fdicts-cheap' '-fno-state-hack' '-ffloat-in']",fast,0.213,0.213
493,8a0fdf0e-96b3-40ee-b124-15d0fc5db2f7,"['-O0' '-fcross-module-specialise' '-fcase-merge'
 '-fstatic-argument-transformation' '-ffun-to-thunk'
 '-fmax-inline-alloc-size=128' '-fignore-asserts' '-fenable-rewrite-rules'
 '-fmax-inline-memcpy-insns=32' '-fmax-relevant-binds=6'
 '-fmax-inline-alloc-size=128' '-fdo-eta-reduction' '-fstrictness'
 '-fworker-wrapper' '-fmax-simplifier-iterations=4'
 '-fmax-inline-memcpy-insns=32' '-fvectorisation-avoidance'
 '-funfolding-dict-discount=30' '-foptimal-applicative-do']",fast,0.212,0.212
494,f186105e-2b02-466c-b7ea-785904fbda36,"['-O0' '-fdo-lambda-eta-expansion' '-fmax-inline-alloc-size=128'
 '-ffloat-in' '-fomit-yields' '-fexcess-precision'
 '-fliberate-case-threshold=2000' '-fenable-rewrite-rules'
 '-fliberate-case-threshold=2000' '-funbox-small-strict-fields'
 '-fmax-inline-memset-insns=32' '-funfolding-keeness-factor=1.5'
 '-funfolding-fun-discount=60' '-fdmd-tx-dict-sel' '-fno-state-hack'
 '-fmax-inline-alloc-size=128' '-ffloat-in' '-fcross-module-specialise'
 '-fdo-eta-reduction']",fast,0.212,0.212
495,aad41082-3e0c-4f88-9603-838c8c602a3c,"['-O0' '-fspec-constr-threshold=2000' '-fstatic-argument-transformation'
 '-fcmm-sink' '-funbox-strict-fields' '-fcmm-elim-common-blocks'
 '-funfolding-use-threshold=60' '-fpedantic-bottoms' '-fignore-asserts'
 '-ffull-laziness' '-fexpose-all-unfoldings' '-fomit-yields'
 '-fmax-simplifier-iterations=4' '-fomit-yields' '-fdicts-cheap'
 '-fno-state-hack' '-fexpose-all-unfoldings' '-fno-state-hack'
 '-fstatic-argument-transformation']",fast,0.211,0.211
496,974c33e9-4ce6-456b-8a4d-557c828ae16c,"['-O0' '-funfolding-use-threshold=60' '-fcse' '-fregs-graph'
 '-fspec-constr' '-fmax-worker-args=10' '-fcross-module-specialise'
 '-fworker-wrapper' '-fliberate-case-threshold=2000'
 '-fsimplifier-phases=2' '-fmax-inline-memset-insns=32' '-fregs-iterative'
 '-fcmm-sink' '-fmax-inline-memset-insns=32' '-fno-state-hack'
 '-fcmm-sink' '-ffun-to-thunk' '-funfolding-dict-discount=30' '-fcse']",fast,0.212,0.212
497,88d69398-1e16-40e9-8c5f-b3d2fc0fe9bf,"['-O0' '-fmax-simplifier-iterations=4' '-funbox-strict-fields'
 '-fsimplifier-phases=2' '-fsimpl-tick-factor=100' '-fno-opt-coercion'
 '-fsimplifier-phases=2' '-fmax-worker-args=10' '-feager-blackholing'
 '-fsimpl-tick-factor=100' '-fspec-constr-threshold=2000' '-ffun-to-thunk'
 '-fspec-constr-count=3' '-fexpose-all-unfoldings'
 '-funfolding-keeness-factor=1.5' '-fcpr-anal' '-fspec-constr'
 '-fworker-wrapper' '-funbox-small-strict-fields']",fast,0.211,0.211
498,c7f793e6-fb5d-40e4-82b5-b0fa6884a35a,"['-O0' '-fignore-asserts' '-funfolding-dict-discount=30'
 '-fcmm-elim-common-blocks' '-fcall-arity' '-fvectorise'
 '-feager-blackholing' '-fliberate-case-threshold=2000'
 '-funbox-small-strict-fields' '-fignore-asserts' '-fdmd-tx-dict-sel'
 '-fstrictness' '-fdo-lambda-eta-expansion' '-fenable-rewrite-rules'
 '-fdmd-tx-dict-sel' '-ffull-laziness' '-fstatic-argument-transformation'
 '-fstatic-argument-transformation' '-fcase-merge']",fast,0.211,0.211
499,f7b76945-fbc2-4bfb-8ee1-32c3d382f408,"['-O0' '-funfolding-creation-threshold=750' '-fvectorise'
 '-fdo-eta-reduction' '-fspec-constr-threshold=2000'
 '-fsimpl-tick-factor=100' '-fdicts-strict' '-fregs-iterative'
 '-ffloat-in' '-fliberate-case' '-funfolding-keeness-factor=1.5'
 '-fexcess-precision' '-fexpose-all-unfoldings' '-ffloat-in'
 '-fdo-eta-reduction' '-fdo-eta-reduction' '-floopification'
 '-fignore-interface-pragmas' '-fmax-inline-memcpy-insns=32']",fast,0.211,0.211
500,c4643fd6-cc6c-4da3-b9cf-9ef49a55494f,"['-O0' '-funbox-small-strict-fields' '-fregs-iterative'
 '-funfolding-creation-threshold=750' '-fcmm-elim-common-blocks'
 '-flate-dmd-anal' '-fcse' '-fcpr-anal' '-fno-pre-inlining'
 '-fdo-eta-reduction' '-fstrictness' '-ffun-to-thunk'
 '-fmax-relevant-binds=6' '-fdicts-strict' '-ffull-laziness'
 '-fno-pre-inlining' '-fpedantic-bottoms' '-fspecialise' '-flate-dmd-anal']",fast,0.212,0.212
501,a2382193-2057-46d5-9dd2-52820ef4076e,"['-O0' '-funfolding-keeness-factor=1.5' '-funbox-strict-fields'
 '-fexcess-precision' '-funfolding-use-threshold=60' '-fcpr-anal'
 '-ffloat-in' '-funfolding-fun-discount=60' '-fenable-rewrite-rules'
 '-funfolding-use-threshold=60' '-fvectorise' '-funbox-strict-fields'
 '-fstrictness' '-fspec-constr-count=3' '-fcse'
 '-fcross-module-specialise' '-feager-blackholing' '-fignore-asserts'
 '-fspecialise']",fast,0.211,0.211
