,ID,Phase,Mode,Runtime,Elapsed_Time
0,4d18928b-40c6-41b1-8900-f90cfb223ee4,0|1|2|3|4|5|6|7|8|9|10|11|12|13|22|18|21|16|19|14|15|20|17,fast,0.662,0.662
1,ea0a30bc-c87b-40fb-88bd-1b052e818b01,0|1|2|3|4|5|6|7|8|9|10|11|12|13|22|16|21|14|17|18|19|20|15,fast,0.669,0.669
2,6a591117-6e63-46db-af9c-720d963a1347,0|1|2|3|4|5|6|7|8|9|10|11|12|13|17|19|18|15|14|20|21|16|22,fast,0.67,0.67
3,823a3559-68ea-44b7-8978-a1e08832c95c,0|1|2|3|4|5|6|7|8|9|10|11|12|13|15|21|19|22|16|20|14|17|18,fast,0.676,0.676
4,e01cb606-1255-44cc-b2b6-8683176ac87c,0|1|2|3|4|5|6|7|8|9|10|11|12|13|18|21|14|19|20|16|17|15|22,fast,0.668,0.668
5,c8c2b4cf-a1fa-4c05-b5e0-a1645637a9a4,0|1|2|3|4|5|6|7|8|9|10|11|12|13|14|18|19|22|20|16|17|21|15,fast,0.68,0.68
6,944d7ce1-a216-4324-bae5-0a9365d950b1,0|1|2|3|4|5|6|7|8|9|10|11|12|13|22|14|17|19|21|20|18|15|16,fast,0.676,0.676
7,19fab475-7eac-4890-b69c-772c46f1182c,0|1|2|3|4|5|6|7|8|9|10|11|12|13|19|21|15|14|22|20|16|18|17,fast,0.68,0.68
8,686bc5ec-b0b1-4dcc-a479-9eb826f494ce,0|1|2|3|4|5|6|7|8|9|10|11|12|13|21|17|15|16|19|22|18|20|14,fast,0.673,0.673
9,3c85a0be-2280-44c3-8b9b-28a6deefdf90,0|1|2|3|4|5|6|7|8|9|10|11|12|13|19|21|17|18|16|20|14|15|22,fast,0.699,0.699
10,318dbc2e-3634-4406-9e74-dcb5effaed49,0|1|2|3|4|5|6|7|8|9|10|11|12|13|22|21|17|14|20|15|19|16|18,fast,0.692,0.692
11,f97c9ea2-7d1f-4fa6-ba4d-c3b5b945bd71,0|1|2|3|4|5|6|7|8|9|10|11|12|13|22|20|14|21|18|16|19|15|17,fast,0.69,0.69
12,53b3d7c7-4ff9-46ca-8e35-25dd07b49758,0|1|2|3|4|5|6|7|8|9|10|11|12|13|17|21|22|20|16|14|19|18|15,fast,0.682,0.682
13,5af179d6-40c7-4511-a5e8-8bf5ac13bcf0,0|1|2|3|4|5|6|7|8|9|10|11|12|13|22|19|17|14|16|20|18|15|21,fast,0.706,0.706
14,d7841b68-2f5d-45d2-ab76-584d55b3aa4a,0|1|2|3|4|5|6|7|8|9|10|11|12|13|14|21|17|19|20|16|18|22|15,fast,0.725,0.725
15,2c4e371f-8b24-4af4-8f18-68e218ea1d8a,0|1|2|3|4|5|6|7|8|9|10|11|12|13|20|21|17|15|14|18|19|16|22,fast,0.695,0.695
16,c3a8c35f-a730-40f0-894f-07e645c14b98,0|1|2|3|4|5|6|7|8|9|10|11|12|13|16|18|14|19|15|17|22|21|20,fast,0.708,0.708
17,f8942c07-358e-4ce4-bde6-6fa51626f529,0|1|2|3|4|5|6|7|8|9|10|11|12|13|19|22|21|20|17|18|14|15|16,fast,0.693,0.693
18,b0ed3596-21fa-4522-b1dd-25d911fc9203,0|1|2|3|4|5|6|7|8|9|10|11|12|13|20|15|21|16|22|19|17|18|14,fast,0.698,0.698
19,6048dbbe-fa71-4525-9613-1773e4b47e65,0|1|2|3|4|5|6|7|8|9|10|11|12|13|22|17|20|18|15|16|14|21|19,fast,0.677,0.677
20,9fc0dcbd-6ba2-469b-aabf-c4c6192694fd,0|1|2|3|4|5|6|7|8|9|10|11|12|13|20|17|14|18|16|19|21|22|15,fast,0.683,0.683
21,da33b20f-aa1c-453a-bea7-fd8e50e58a51,0|1|2|3|4|5|6|7|8|9|10|11|12|13|15|20|19|17|21|22|18|14|16,fast,0.686,0.686
22,9cb847ab-fb89-4646-99d2-49eff06f1b46,0|1|2|3|4|5|6|7|8|9|10|11|12|13|19|18|22|14|21|17|15|20|16,fast,0.671,0.671
23,b9c7c4bc-e31b-46b1-8213-f820a6458d75,0|1|2|3|4|5|6|7|8|9|10|11|12|13|16|20|17|19|15|22|18|21|14,fast,0.69,0.69
24,ab40088c-7fe8-472d-baa6-d1c23ea9fd41,0|1|2|3|4|5|6|7|8|9|10|11|12|13|19|21|20|14|22|16|17|15|18,fast,0.677,0.677
25,cf866b51-37f0-4180-8ef4-34ccfc4e69b9,0|1|2|3|4|5|6|7|8|9|10|11|12|13|22|19|15|16|17|20|14|21|18,fast,0.741,0.741
26,245acacf-625b-4db6-8263-07805d9a28ea,0|1|2|3|4|5|6|7|8|9|10|11|12|13|17|16|22|19|18|20|21|15|14,fast,0.7,0.7
27,a52945d4-7a1b-4bb3-baa3-3b81b3bf8877,0|1|2|3|4|5|6|7|8|9|10|11|12|13|18|21|16|15|17|20|14|19|22,fast,0.694,0.694
28,f05f80ac-cb3c-48b2-93d7-2d924e46fb77,0|1|2|3|4|5|6|7|8|9|10|11|12|13|17|16|15|22|21|19|14|18|20,fast,0.684,0.684
29,c18bc5d2-67b0-4c47-8402-cdc42ac2fda6,0|1|2|3|4|5|6|7|8|9|10|11|12|13|14|17|16|18|20|15|22|21|19,fast,0.703,0.703
30,d9419714-57e4-434b-9163-f2dc57d008bf,0|1|2|3|4|5|6|7|8|9|10|11|12|13|16|22|20|18|17|19|21|15|14,fast,0.693,0.693
31,93b2c92a-1aa6-452d-861c-649d823e373c,0|1|2|3|4|5|6|7|8|9|10|11|12|13|19|18|22|16|17|14|15|20|21,fast,0.72,0.72
32,7273e4f6-4e4d-4f6a-9fce-b0bc7a9e81a8,0|1|2|3|4|5|6|7|8|9|10|11|12|13|20|16|14|17|19|21|18|15|22,fast,0.738,0.738
33,1ca28438-e410-476d-8428-7fdfffbf10ce,0|1|2|3|4|5|6|7|8|9|10|11|12|13|15|21|16|14|19|17|22|18|20,fast,0.759,0.759
34,82db23ba-378b-4104-ab6b-ae606bf6bd25,0|1|2|3|4|5|6|7|8|9|10|11|12|13|19|22|20|14|16|17|18|15|21,fast,0.77,0.77
35,06e4fc93-aa59-488f-a7f5-8edd01f82397,0|1|2|3|4|5|6|7|8|9|10|11|12|13|15|17|22|21|19|14|16|20|18,fast,0.674,0.674
36,e21855e7-d012-410a-96ba-0092e14feed2,0|1|2|3|4|5|6|7|8|9|10|11|12|13|21|19|18|17|22|14|20|16|15,fast,0.662,0.662
37,5ab6b002-9090-4757-958d-41c867448201,0|1|2|3|4|5|6|7|8|9|10|11|12|13|18|21|22|19|17|20|14|16|15,fast,0.675,0.675
38,28a47328-a018-42ce-abed-1c47112a5c11,0|1|2|3|4|5|6|7|8|9|10|11|12|13|14|19|20|22|18|17|21|15|16,fast,0.671,0.671
39,24614f72-f222-455b-924d-0672b08dbdb7,0|1|2|3|4|5|6|7|8|9|10|11|12|13|14|19|16|17|15|20|21|22|18,fast,0.681,0.681
40,4647df09-4f25-45e0-9a26-543324289ac2,0|1|2|3|4|5|6|7|8|9|10|11|12|13|17|14|15|16|19|20|22|21|18,fast,0.674,0.674
41,f7123318-0703-4f70-95d2-e76951dc00bb,0|1|2|3|4|5|6|7|8|9|10|11|12|13|16|22|19|20|14|21|15|18|17,fast,0.684,0.684
42,5186eda8-3bfd-4f46-86d7-9d4916f0c650,0|1|2|3|4|5|6|7|8|9|10|11|12|13|14|16|15|18|21|20|17|22|19,fast,0.674,0.674
43,a7940412-3621-4a12-9a43-ea712858958f,0|1|2|3|4|5|6|7|8|9|10|11|12|13|18|16|17|22|19|20|21|14|15,fast,0.683,0.683
44,5833c994-a363-43dd-8022-5e77203b8c69,0|1|2|3|4|5|6|7|8|9|10|11|12|13|15|16|14|18|20|21|19|22|17,fast,0.683,0.683
45,7387c103-bd01-47ab-977f-b7da41843ace,0|1|2|3|4|5|6|7|8|9|10|11|12|13|21|16|18|14|22|15|19|20|17,fast,0.679,0.679
46,c9565225-4bd8-449e-a7e6-5fbccb668417,0|1|2|3|4|5|6|7|8|9|10|11|12|13|15|14|18|22|19|20|21|16|17,fast,0.673,0.673
47,07659596-bb90-456b-94aa-d2cfb4bfbbd8,0|1|2|3|4|5|6|7|8|9|10|11|12|13|16|14|20|17|19|22|15|21|18,fast,0.723,0.723
48,6c38ba9e-d557-4762-b86b-e9149c915a5a,0|1|2|3|4|5|6|7|8|9|10|11|12|13|19|21|18|16|20|14|15|22|17,fast,0.709,0.709
49,6d759586-1eee-4286-9475-12cca52c6d7b,0|1|2|3|4|5|6|7|8|9|10|11|12|13|18|20|22|16|19|15|17|14|21,fast,0.713,0.713
50,3b908464-3833-4be4-8eb7-63459322147a,0|1|2|3|4|5|6|7|8|9|10|11|12|13|22|16|20|18|17|14|15|19|21,fast,0.676,0.676
51,e3155655-fc3f-49ef-aa93-df64484941e9,0|1|2|3|4|5|6|7|8|9|10|11|12|13|14|15|16|17|22|21|19|18|20,fast,0.702,0.702
52,8445ebf2-27e2-4c62-a56f-d3a38dd376ad,0|1|2|3|4|5|6|7|8|9|10|11|12|13|18|21|17|15|16|22|19|14|20,fast,0.676,0.676
53,582f3218-9f2c-4033-ae52-26b961410d2b,0|1|2|3|4|5|6|7|8|9|10|11|12|13|21|20|22|17|16|15|14|19|18,fast,0.706,0.706
54,8f8ebd8b-a4d0-44a4-98c5-3d6b9c4bdd4d,0|1|2|3|4|5|6|7|8|9|10|11|12|13|22|21|17|14|16|19|18|20|15,fast,0.684,0.684
55,7bb61320-5132-4030-a71f-78f52da4582c,0|1|2|3|4|5|6|7|8|9|10|11|12|13|18|14|20|21|17|19|16|15|22,fast,0.681,0.681
56,169ab2a4-864d-415a-825c-90de1b1ea32b,0|1|2|3|4|5|6|7|8|9|10|11|12|13|15|17|21|14|22|20|19|16|18,fast,0.676,0.676
57,7ade0324-da98-4fdd-9c4d-26c0ec91d548,0|1|2|3|4|5|6|7|8|9|10|11|12|13|18|22|14|17|16|21|19|20|15,fast,0.689,0.689
58,5a32a327-b703-4ed1-a4aa-511cde04984c,0|1|2|3|4|5|6|7|8|9|10|11|12|13|19|22|21|18|17|20|16|15|14,fast,0.676,0.676
59,69580591-13d0-4c70-8c09-40392b50e285,0|1|2|3|4|5|6|7|8|9|10|11|12|13|19|20|16|15|21|14|22|17|18,fast,0.675,0.675
60,8cdaba8e-4561-421e-bd38-b0ba4d7b62b6,0|1|2|3|4|5|6|7|8|9|10|11|12|13|16|19|22|20|15|18|21|17|14,fast,0.719,0.719
61,7d75d0a0-9e06-4531-8b86-a936880ef86d,0|1|2|3|4|5|6|7|8|9|10|11|12|13|20|17|22|14|19|15|18|16|21,fast,0.671,0.671
62,d7ce8f30-dd39-472a-81d3-12871477b53d,0|1|2|3|4|5|6|7|8|9|10|11|12|13|17|21|22|20|14|15|19|16|18,fast,0.731,0.731
63,4aab8f2a-d104-4754-a246-8d3808b4a3dd,0|1|2|3|4|5|6|7|8|9|10|11|12|13|18|19|17|14|22|21|16|15|20,fast,0.73,0.73
64,149575ad-b63a-4f4e-a32e-f762ae28071f,0|1|2|3|4|5|6|7|8|9|10|11|12|13|20|14|18|19|22|16|17|15|21,fast,0.71,0.71
65,12ec5ac5-1832-4d7d-b097-3429704f6481,0|1|2|3|4|5|6|7|8|9|10|11|12|13|18|15|19|22|14|16|21|20|17,fast,0.686,0.686
66,a6db3060-62bd-4658-b0f0-291fdd8031d9,0|1|2|3|4|5|6|7|8|9|10|11|12|13|19|14|21|18|22|15|20|17|16,fast,0.665,0.665
67,5d95690e-3f9f-45bd-83bf-c289b0822a30,0|1|2|3|4|5|6|7|8|9|10|11|12|13|18|14|17|20|21|22|15|16|19,fast,0.674,0.674
68,236a7a68-7db6-45a8-8cbc-ba53cee4c4b6,0|1|2|3|4|5|6|7|8|9|10|11|12|13|14|22|19|15|20|17|21|16|18,fast,0.666,0.666
69,37ff84fd-d12e-41c5-849a-d3e5e23b77a6,0|1|2|3|4|5|6|7|8|9|10|11|12|13|20|14|19|15|17|18|16|21|22,fast,0.733,0.733
70,63ba7e71-0a0b-410b-9d6a-5a224e6a87c1,0|1|2|3|4|5|6|7|8|9|10|11|12|13|18|22|14|19|15|20|16|21|17,fast,0.695,0.695
71,f503fc96-fc5c-4cb0-8f50-b087eaf8c3b5,0|1|2|3|4|5|6|7|8|9|10|11|12|13|14|15|21|22|17|20|16|18|19,fast,0.717,0.717
72,41026517-9dfd-4084-834f-866e2a95563a,0|1|2|3|4|5|6|7|8|9|10|11|12|13|20|18|14|21|22|17|16|15|19,fast,0.739,0.739
73,95ae9f54-32df-4623-8473-22e46c476158,0|1|2|3|4|5|6|7|8|9|10|11|12|13|20|22|21|14|17|19|16|18|15,fast,0.673,0.673
74,12e6dc30-6bd7-4e46-be30-fa7205f4a0ab,0|1|2|3|4|5|6|7|8|9|10|11|12|13|22|17|15|20|19|21|18|16|14,fast,0.672,0.672
75,2981e7e2-7371-4fcf-94dc-d06efdee60bf,0|1|2|3|4|5|6|7|8|9|10|11|12|13|18|15|19|14|17|21|22|20|16,fast,0.702,0.702
76,feb1e865-f6f0-4adc-83f9-b105698ca7ff,0|1|2|3|4|5|6|7|8|9|10|11|12|13|20|17|15|16|18|22|21|19|14,fast,0.671,0.671
77,835fb9d7-cd6c-40c1-b9ff-0e5cf777661b,0|1|2|3|4|5|6|7|8|9|10|11|12|13|19|20|14|21|18|22|17|15|16,fast,0.666,0.666
78,6c5a47fc-1b81-4110-a697-382152957c9c,0|1|2|3|4|5|6|7|8|9|10|11|12|13|20|19|17|14|16|21|15|22|18,fast,0.678,0.678
79,d1b5be06-4ee8-4695-80ff-9c7141c3e9e9,0|1|2|3|4|5|6|7|8|9|10|11|12|13|21|20|16|15|18|22|17|19|14,fast,0.675,0.675
80,c30866ce-485d-41af-8931-fd39b341fb7d,0|1|2|3|4|5|6|7|8|9|10|11|12|13|18|20|16|21|17|19|14|22|15,fast,0.682,0.682
81,cd5de7d5-b01f-40a3-8049-840b948f7f93,0|1|2|3|4|5|6|7|8|9|10|11|12|13|16|19|20|21|14|17|15|22|18,fast,0.748,0.748
82,402b4ab6-cb46-4a21-982c-641123ecaa62,0|1|2|3|4|5|6|7|8|9|10|11|12|13|20|22|19|21|17|15|14|18|16,fast,0.68,0.68
83,4bbc2cbb-078b-47a9-81f5-29a7c88aa4e9,0|1|2|3|4|5|6|7|8|9|10|11|12|13|18|16|14|20|22|15|19|17|21,fast,0.685,0.685
84,af5b54cb-071c-46f1-bf73-dc00c395c8d8,0|1|2|3|4|5|6|7|8|9|10|11|12|13|18|14|16|21|17|19|20|15|22,fast,0.672,0.672
85,acfe7c58-32a1-4aad-9611-3716e3de0821,0|1|2|3|4|5|6|7|8|9|10|11|12|13|15|20|19|21|16|18|17|14|22,fast,0.685,0.685
86,2a1c60f8-95d3-40df-9ddc-8f6ac6ae41d0,0|1|2|3|4|5|6|7|8|9|10|11|12|13|16|18|19|15|17|14|20|21|22,fast,0.673,0.673
87,19fb5608-1a5d-4c47-928f-7eedf3163e11,0|1|2|3|4|5|6|7|8|9|10|11|12|13|21|19|14|15|16|20|17|18|22,fast,0.69,0.69
88,67bd4e55-4b05-4a49-9910-bfa432b9b7f2,0|1|2|3|4|5|6|7|8|9|10|11|12|13|19|18|15|17|21|22|16|14|20,fast,0.674,0.674
89,466fe628-71b1-4c11-aa26-c7f6bf90250b,0|1|2|3|4|5|6|7|8|9|10|11|12|13|16|15|18|19|14|20|21|17|22,fast,0.677,0.677
90,df080f96-8bc6-417c-88e0-a5ecd9c8d0da,0|1|2|3|4|5|6|7|8|9|10|11|12|13|22|14|17|15|18|20|16|21|19,fast,0.673,0.673
91,050f3295-06fa-49ba-8a7d-7de2d6fbc679,0|1|2|3|4|5|6|7|8|9|10|11|12|13|15|17|19|16|14|18|22|20|21,fast,0.673,0.673
92,a4b2970e-34c1-47da-bda4-5d2ecebb44d4,0|1|2|3|4|5|6|7|8|9|10|11|12|13|14|21|16|22|19|20|15|17|18,fast,0.672,0.672
93,cbf8d93f-e95b-46e4-8855-27c5612b6010,0|1|2|3|4|5|6|7|8|9|10|11|12|13|22|17|16|19|21|14|18|20|15,fast,0.685,0.685
94,1403798f-7b8e-411c-9133-e5356db1b8a3,0|1|2|3|4|5|6|7|8|9|10|11|12|13|14|15|22|21|19|20|16|17|18,fast,0.679,0.679
95,b70a9eff-a89e-4e31-ac8b-303ee16a3aa0,0|1|2|3|4|5|6|7|8|9|10|11|12|13|16|18|19|20|17|15|21|14|22,fast,0.68,0.68
96,d61a9fdb-4e10-4500-9369-ad180a150892,0|1|2|3|4|5|6|7|8|9|10|11|12|13|17|15|22|21|19|18|16|14|20,fast,0.675,0.675
97,0819c4e7-7966-4a20-8d7f-3612ebd4bdd1,0|1|2|3|4|5|6|7|8|9|10|11|12|13|20|17|16|21|15|22|14|18|19,fast,0.684,0.684
98,5b5966df-1682-4803-9683-a123a68e5a72,0|1|2|3|4|5|6|7|8|9|10|11|12|13|16|15|17|18|19|21|14|22|20,fast,0.675,0.675
99,d9844173-f3f2-4e98-a625-5b107db0782b,0|1|2|3|4|5|6|7|8|9|10|11|12|13|15|18|20|14|16|21|19|22|17,fast,0.731,0.731
100,1f9e7829-a59b-4a07-8b6d-05408d9fbde1,0|1|2|3|4|5|6|7|8|9|10|11|12|13|21|20|22|19|18|15|14|17|16,fast,0.703,0.703
101,e0df43b9-dce9-4520-a213-176a004ca3f4,0|1|2|3|4|5|6|7|8|9|10|11|12|13|16|18|22|21|20|15|14|19|17,fast,0.726,0.726
102,300c4714-4213-4591-bd82-cb5b942e3529,0|1|2|3|4|5|6|7|8|9|10|11|12|13|18|15|21|14|16|20|17|22|19,fast,0.708,0.708
103,c5936700-4c3d-4ab6-8fc4-79e7b0059f1c,0|1|2|3|4|5|6|7|8|9|10|11|12|13|14|22|20|21|16|17|15|19|18,fast,0.695,0.695
104,fb81c606-acc9-40e5-b955-12fcad3e9a5a,0|1|2|3|4|5|6|7|8|9|10|11|12|13|21|15|20|18|17|19|14|22|16,fast,0.69,0.69
105,4e9670ac-1ffd-4dd4-b60b-ba744f09b738,0|1|2|3|4|5|6|7|8|9|10|11|12|13|19|20|21|17|15|14|18|16|22,fast,0.686,0.686
106,0a373765-865c-4309-966f-c868b59df271,0|1|2|3|4|5|6|7|8|9|10|11|12|13|21|19|20|16|17|15|22|14|18,fast,0.685,0.685
107,776f924d-5e94-4a2f-9799-0994034c4d9c,0|1|2|3|4|5|6|7|8|9|10|11|12|13|15|17|21|14|18|16|22|19|20,fast,0.683,0.683
108,b0007599-c82f-4582-bb80-83963ee4ddc4,0|1|2|3|4|5|6|7|8|9|10|11|12|13|21|22|17|19|16|18|20|15|14,fast,0.718,0.718
109,bee4e99b-347e-4565-9f41-286046051265,0|1|2|3|4|5|6|7|8|9|10|11|12|13|21|18|17|20|15|14|19|16|22,fast,0.684,0.684
110,d21aaf4a-3833-40e6-8299-7893504307cf,0|1|2|3|4|5|6|7|8|9|10|11|12|13|17|20|22|15|14|21|18|16|19,fast,0.726,0.726
111,3a8972d6-2d9c-4ce1-8611-2fb2c2c4db7b,0|1|2|3|4|5|6|7|8|9|10|11|12|13|18|15|16|22|14|21|17|19|20,fast,0.709,0.709
112,f0ad48c0-1a10-481e-952e-27a63f8955e4,0|1|2|3|4|5|6|7|8|9|10|11|12|13|20|22|17|14|19|15|18|16|21,fast,0.71,0.71
113,f6f17675-d193-4e4b-8fc3-c0eb64962719,0|1|2|3|4|5|6|7|8|9|10|11|12|13|19|16|22|20|18|21|14|15|17,fast,0.717,0.717
114,6d7e6c28-83c0-4828-bee4-10aff0c980d5,0|1|2|3|4|5|6|7|8|9|10|11|12|13|21|22|19|15|20|14|17|18|16,fast,0.679,0.679
115,6e432245-3200-4672-aab8-77c3a1a11911,0|1|2|3|4|5|6|7|8|9|10|11|12|13|17|14|15|22|16|19|18|21|20,fast,0.683,0.683
116,a25e6865-1eb5-44ed-ac02-756032ffa28c,0|1|2|3|4|5|6|7|8|9|10|11|12|13|22|16|21|19|20|14|18|15|17,fast,0.68,0.68
117,4e0658f1-8efb-4b37-8fb6-9659aa813c1d,0|1|2|3|4|5|6|7|8|9|10|11|12|13|19|18|22|15|16|20|14|17|21,fast,0.69,0.69
118,97fe8d97-31ff-43c1-a7af-9752dffb569e,0|1|2|3|4|5|6|7|8|9|10|11|12|13|19|21|16|15|14|17|18|20|22,fast,0.692,0.692
119,8404a34d-0eea-4c9c-bd91-d456011576f2,0|1|2|3|4|5|6|7|8|9|10|11|12|13|19|20|14|17|16|21|15|18|22,fast,0.685,0.685
120,b45849be-197e-4d70-8726-c3ba416a2929,0|1|2|3|4|5|6|7|8|9|10|11|12|13|17|19|21|18|20|16|15|22|14,fast,0.714,0.714
121,77950df1-dcca-4022-b18b-62358435e3be,0|1|2|3|4|5|6|7|8|9|10|11|12|13|14|20|16|15|19|21|18|17|22,fast,0.688,0.688
122,f9b59d4a-1e73-4c09-905a-b091d3759a41,0|1|2|3|4|5|6|7|8|9|10|11|12|13|22|20|18|14|21|16|15|19|17,fast,0.676,0.676
123,200f6e7d-18d5-46bc-bc65-984df716ab0c,0|1|2|3|4|5|6|7|8|9|10|11|12|13|14|21|20|15|16|22|19|18|17,fast,0.676,0.676
124,d9db68be-49c3-4b62-b2df-d39576c490ae,0|1|2|3|4|5|6|7|8|9|10|11|12|13|16|20|21|17|18|19|22|14|15,fast,0.674,0.674
125,244ffc98-9fac-488f-981e-b38b9666b68a,0|1|2|3|4|5|6|7|8|9|10|11|12|13|17|15|21|20|18|22|14|19|16,fast,0.698,0.698
126,2d611a15-40b8-4b0a-a406-9194273fc385,0|1|2|3|4|5|6|7|8|9|10|11|12|13|17|15|20|16|22|21|18|19|14,fast,0.666,0.666
127,7b401ce0-8baf-4934-bf86-1256cf613949,0|1|2|3|4|5|6|7|8|9|10|11|12|13|20|22|14|18|21|17|16|19|15,fast,0.678,0.678
128,6eeadb85-403e-4b97-ac92-757d7762b22e,0|1|2|3|4|5|6|7|8|9|10|11|12|13|16|14|15|19|18|17|22|20|21,fast,0.676,0.676
129,35871f28-617d-4b35-990d-e78cb2f748d1,0|1|2|3|4|5|6|7|8|9|10|11|12|13|15|22|19|20|21|18|16|14|17,fast,0.676,0.676
130,ee0c3b19-b25b-4922-8863-68aa2f347d4c,0|1|2|3|4|5|6|7|8|9|10|11|12|13|22|18|21|14|16|17|19|20|15,fast,0.67,0.67
131,402bd183-38bf-4277-bdc8-7eb789bdec2f,0|1|2|3|4|5|6|7|8|9|10|11|12|13|18|20|17|15|14|19|16|22|21,fast,0.69,0.69
132,fc81f64f-f686-4ab9-9d6d-aafaea5ba97f,0|1|2|3|4|5|6|7|8|9|10|11|12|13|22|14|17|20|21|18|16|15|19,fast,0.682,0.682
133,dad839f4-ea2b-4783-9388-b094acc98119,0|1|2|3|4|5|6|7|8|9|10|11|12|13|19|21|20|18|15|22|17|16|14,fast,0.684,0.684
134,5eaa6574-5a51-4340-8db2-a2228c7d2849,0|1|2|3|4|5|6|7|8|9|10|11|12|13|22|15|17|20|16|21|19|14|18,fast,0.671,0.671
135,30bbd8ba-3886-42aa-a89f-c2d346f34698,0|1|2|3|4|5|6|7|8|9|10|11|12|13|20|17|22|18|14|21|19|16|15,fast,0.689,0.689
136,d0cf926b-829f-404d-837a-d9801c984fcd,0|1|2|3|4|5|6|7|8|9|10|11|12|13|20|22|14|17|21|16|15|18|19,fast,0.69,0.69
137,e05212ca-44a2-455d-9f48-7a0ce53d2ed8,0|1|2|3|4|5|6|7|8|9|10|11|12|13|17|15|19|21|22|14|18|20|16,fast,0.68,0.68
138,4aac5ab0-dc31-4764-9a47-87a24878f56d,0|1|2|3|4|5|6|7|8|9|10|11|12|13|21|20|19|16|14|22|17|18|15,fast,0.672,0.672
139,60573d62-d933-40f2-9edc-dce43fee144c,0|1|2|3|4|5|6|7|8|9|10|11|12|13|14|15|22|19|21|16|17|18|20,fast,0.687,0.687
140,b11cbc2f-9ad6-4538-874d-b0640569dd91,0|1|2|3|4|5|6|7|8|9|10|11|12|13|21|14|22|15|20|16|19|18|17,fast,0.69,0.69
141,e105f062-1a24-499d-98c1-7721ea74930f,0|1|2|3|4|5|6|7|8|9|10|11|12|13|21|22|15|14|18|17|16|19|20,fast,0.694,0.694
142,5e3111a4-8b92-421b-8d14-ec4c51e771e3,0|1|2|3|4|5|6|7|8|9|10|11|12|13|14|22|15|21|17|18|19|20|16,fast,0.666,0.666
143,a2215732-c289-4aa3-95d3-be7c15b49f8e,0|1|2|3|4|5|6|7|8|9|10|11|12|13|15|17|18|16|22|14|20|19|21,fast,0.678,0.678
144,4b86540a-e68f-4a3e-abef-5ed66f493546,0|1|2|3|4|5|6|7|8|9|10|11|12|13|14|21|16|15|20|22|19|17|18,fast,0.671,0.671
145,de0c80c1-3cec-4415-b4db-5d346b803784,0|1|2|3|4|5|6|7|8|9|10|11|12|13|18|16|20|17|14|15|22|21|19,fast,0.688,0.688
146,ff8325ef-5881-46eb-98aa-1180a7823877,0|1|2|3|4|5|6|7|8|9|10|11|12|13|18|16|19|17|21|14|22|15|20,fast,0.681,0.681
147,78aecdfc-47c9-4e4d-b1dc-5a27bbc6d229,0|1|2|3|4|5|6|7|8|9|10|11|12|13|21|22|17|18|19|15|16|20|14,fast,0.69,0.69
148,7acae6f4-7cfb-48b9-a0e9-62acb6dc4e4c,0|1|2|3|4|5|6|7|8|9|10|11|12|13|16|22|14|21|19|18|20|15|17,fast,0.683,0.683
149,6d5a047c-c534-47e7-97a9-a9e3328af57b,0|1|2|3|4|5|6|7|8|9|10|11|12|13|22|20|17|14|16|21|18|15|19,fast,0.678,0.678
150,21b47ffb-0f47-427c-b828-34e1dac9a580,0|1|2|3|4|5|6|7|8|9|10|11|12|13|15|22|20|17|21|16|18|19|14,fast,0.705,0.705
151,607f146a-0995-4799-8e77-88a3176f5bb5,0|1|2|3|4|5|6|7|8|9|10|11|12|13|19|17|22|14|18|16|20|15|21,fast,0.744,0.744
152,184b8e56-5fa7-4b64-b921-d2bcb91b34b0,0|1|2|3|4|5|6|7|8|9|10|11|12|13|19|17|16|18|14|22|20|21|15,fast,0.725,0.725
153,5ec453df-67d3-415d-bec9-df4f387316d5,0|1|2|3|4|5|6|7|8|9|10|11|12|13|19|18|15|20|16|22|17|21|14,fast,0.73,0.73
154,020f15e2-9f0d-4916-a0f4-75a7097ece43,0|1|2|3|4|5|6|7|8|9|10|11|12|13|21|19|16|15|17|22|20|18|14,fast,0.749,0.749
155,defa80da-09c3-414d-bbec-c7a427e48183,0|1|2|3|4|5|6|7|8|9|10|11|12|13|16|22|14|18|17|21|19|15|20,fast,0.733,0.733
156,d3c50c95-96d6-429b-87ba-7fc60b023168,0|1|2|3|4|5|6|7|8|9|10|11|12|13|14|18|15|19|16|22|21|20|17,fast,0.674,0.674
157,3151f245-5336-45d0-88dd-8fbbbe8c7b8c,0|1|2|3|4|5|6|7|8|9|10|11|12|13|14|21|17|20|16|15|19|22|18,fast,0.679,0.679
158,9576f750-62af-4dc5-a488-88a61ec1ce6b,0|1|2|3|4|5|6|7|8|9|10|11|12|13|19|20|16|17|15|21|22|14|18,fast,0.686,0.686
159,5984529d-cf73-406b-960e-1e529892ec4d,0|1|2|3|4|5|6|7|8|9|10|11|12|13|22|17|20|15|16|18|21|14|19,fast,0.705,0.705
160,5a5f7ce5-5e98-4c94-b4d7-e9333f67d94e,0|1|2|3|4|5|6|7|8|9|10|11|12|13|17|16|21|14|15|19|20|22|18,fast,0.669,0.669
161,c8d110a6-28bc-4956-9281-de850aaf500b,0|1|2|3|4|5|6|7|8|9|10|11|12|13|21|19|22|16|17|18|14|20|15,fast,0.69,0.69
162,34000e4a-8498-4e7e-907c-af03e42d4e9e,0|1|2|3|4|5|6|7|8|9|10|11|12|13|21|16|17|18|15|20|22|14|19,fast,0.684,0.684
163,c00da66f-10c4-4850-aa0d-72ea43a00fe2,0|1|2|3|4|5|6|7|8|9|10|11|12|13|21|22|19|18|15|16|14|17|20,fast,0.681,0.681
164,3e5ef486-1c10-433d-b1fe-e25fbdfcde50,0|1|2|3|4|5|6|7|8|9|10|11|12|13|15|17|22|18|20|16|14|21|19,fast,0.68,0.68
165,e0c3a7ee-5601-4ea7-8c0d-341ee9fe3898,0|1|2|3|4|5|6|7|8|9|10|11|12|13|15|21|17|22|20|14|16|19|18,fast,0.678,0.678
166,14a53bc6-2fc0-4838-a0e5-d68584b4be9e,0|1|2|3|4|5|6|7|8|9|10|11|12|13|14|15|16|20|17|19|18|22|21,fast,0.679,0.679
167,18e6e4b7-47d2-422a-ac6b-94ecd862357d,0|1|2|3|4|5|6|7|8|9|10|11|12|13|14|20|16|21|19|22|15|17|18,fast,0.676,0.676
168,8be69bb8-a741-4cce-9eaf-8e8014d9a79e,0|1|2|3|4|5|6|7|8|9|10|11|12|13|17|14|16|22|19|15|20|21|18,fast,0.675,0.675
169,68ffb15c-0290-48eb-8c5f-009ec2cbb5c9,0|1|2|3|4|5|6|7|8|9|10|11|12|13|19|16|15|14|20|22|18|17|21,fast,0.683,0.683
170,91023827-d66e-4803-bfd1-5030a30e63ce,0|1|2|3|4|5|6|7|8|9|10|11|12|13|14|22|16|17|18|19|21|15|20,fast,0.686,0.686
171,1c919d2b-91d8-45a0-83bc-566b5dd62efb,0|1|2|3|4|5|6|7|8|9|10|11|12|13|18|17|16|20|15|19|21|22|14,fast,0.691,0.691
172,778bb3f1-f874-4282-a1ef-318bf40e83f1,0|1|2|3|4|5|6|7|8|9|10|11|12|13|14|22|21|18|16|15|19|17|20,fast,0.675,0.675
173,99598644-d6c8-487c-a4d4-e251d6242311,0|1|2|3|4|5|6|7|8|9|10|11|12|13|16|22|17|14|19|15|20|18|21,fast,0.685,0.685
174,6db7b31c-22ea-4754-8089-1ed061373e5a,0|1|2|3|4|5|6|7|8|9|10|11|12|13|14|19|18|22|17|15|20|16|21,fast,0.762,0.762
175,17fe7176-7e15-4777-be5e-0555e6e545fb,0|1|2|3|4|5|6|7|8|9|10|11|12|13|21|20|18|22|14|19|15|16|17,fast,0.742,0.742
176,01e46958-0d88-4e6b-9fa7-59c1121598ef,0|1|2|3|4|5|6|7|8|9|10|11|12|13|19|20|22|14|18|17|16|15|21,fast,0.719,0.719
177,437a998a-4531-429e-b7f2-958408d4a415,0|1|2|3|4|5|6|7|8|9|10|11|12|13|18|19|22|15|16|21|14|20|17,fast,0.748,0.748
178,c39107d0-2521-460e-b9f4-1e6b737d1806,0|1|2|3|4|5|6|7|8|9|10|11|12|13|15|14|18|17|21|19|20|16|22,fast,0.711,0.711
179,e354442e-e705-4d9b-af3f-d83ec710e7f1,0|1|2|3|4|5|6|7|8|9|10|11|12|13|22|17|15|16|14|19|20|18|21,fast,0.715,0.715
180,a9db730e-c1ab-43e9-b9ea-4f0f4eb55e1f,0|1|2|3|4|5|6|7|8|9|10|11|12|13|22|17|20|19|15|18|14|16|21,fast,0.671,0.671
181,8e163576-3363-4869-ab28-25d2702c849b,0|1|2|3|4|5|6|7|8|9|10|11|12|13|16|15|14|22|17|20|19|21|18,fast,0.672,0.672
182,e216dc5f-73de-4518-95c0-323f877262fa,0|1|2|3|4|5|6|7|8|9|10|11|12|13|22|17|21|14|19|18|15|16|20,fast,0.673,0.673
183,def2d36d-8ffc-4b83-bfb2-b7416e12ffbd,0|1|2|3|4|5|6|7|8|9|10|11|12|13|22|16|18|20|19|15|17|21|14,fast,0.737,0.737
184,e3351d44-f70c-4b41-ac26-ff68ebd55424,0|1|2|3|4|5|6|7|8|9|10|11|12|13|21|18|17|20|15|22|16|19|14,fast,0.683,0.683
185,9947f58c-22d9-47ba-9177-d907de1abf3f,0|1|2|3|4|5|6|7|8|9|10|11|12|13|15|19|17|21|22|18|14|20|16,fast,0.703,0.703
186,48df74c7-3045-4d61-a83f-4713619e1770,0|1|2|3|4|5|6|7|8|9|10|11|12|13|20|18|21|15|14|16|22|17|19,fast,0.718,0.718
187,2ac4e524-6f67-467d-afac-ddb4efeefafd,0|1|2|3|4|5|6|7|8|9|10|11|12|13|16|15|14|20|19|17|18|22|21,fast,0.69,0.69
188,17c451c9-78f6-4154-95e6-3066533f9800,0|1|2|3|4|5|6|7|8|9|10|11|12|13|15|17|20|14|19|22|18|16|21,fast,0.671,0.671
189,5ac2655b-fc25-46dd-ade0-6a0bb04df1db,0|1|2|3|4|5|6|7|8|9|10|11|12|13|20|18|16|19|17|15|14|22|21,fast,0.695,0.695
190,52296ccc-e01d-454d-8b92-25e4b365d81e,0|1|2|3|4|5|6|7|8|9|10|11|12|13|19|17|21|15|22|18|16|20|14,fast,0.666,0.666
191,01bf377d-0e36-49b3-b519-16bbb967762b,0|1|2|3|4|5|6|7|8|9|10|11|12|13|19|14|21|15|22|16|17|20|18,fast,0.672,0.672
192,7e96bdf9-b1e4-4bd0-9a19-fb3870bdbf18,0|1|2|3|4|5|6|7|8|9|10|11|12|13|14|16|20|21|17|18|19|15|22,fast,0.671,0.671
193,4ccec754-7bf9-49da-b011-116dee5660be,0|1|2|3|4|5|6|7|8|9|10|11|12|13|14|15|16|22|18|21|20|17|19,fast,0.682,0.682
194,80816ca6-215c-442e-a7d7-338d5032296d,0|1|2|3|4|5|6|7|8|9|10|11|12|13|16|15|22|17|18|14|21|19|20,fast,0.674,0.674
195,9020d5d1-f394-4a75-a556-962c07cc7245,0|1|2|3|4|5|6|7|8|9|10|11|12|13|22|20|14|18|16|21|17|19|15,fast,0.676,0.676
196,388d2a1a-7028-4180-b87c-88cb6e59da40,0|1|2|3|4|5|6|7|8|9|10|11|12|13|21|22|17|16|20|15|18|14|19,fast,0.67,0.67
197,5ff9527e-cb33-46e9-85ed-01f6af227a12,0|1|2|3|4|5|6|7|8|9|10|11|12|13|18|22|20|16|15|17|21|14|19,fast,0.684,0.684
198,bfec1601-d603-4291-8f2a-839305790331,0|1|2|3|4|5|6|7|8|9|10|11|12|13|20|16|19|14|17|18|21|22|15,fast,0.671,0.671
199,7f08c66e-e18c-429b-90cd-badc084dcd49,0|1|2|3|4|5|6|7|8|9|10|11|12|13|22|14|15|18|20|17|19|16|21,fast,0.683,0.683
200,cf17e407-8461-4b22-9578-d9d808332fad,0|1|2|3|4|5|6|7|8|9|10|11|12|13|15|18|14|19|16|21|22|20|17,fast,0.68,0.68
201,7de5af3c-e76d-4dd3-84df-0a06240bb1c1,0|1|2|3|4|5|6|7|8|9|10|11|12|13|21|17|19|20|22|16|18|15|14,fast,0.688,0.688
202,3c8278a9-ddea-4139-b181-ccd087e66874,0|1|2|3|4|5|6|7|8|9|10|11|12|13|18|22|21|17|20|15|16|19|14,fast,0.671,0.671
203,4318f510-5785-411e-9e4f-8b3ce9106eed,0|1|2|3|4|5|6|7|8|9|10|11|12|13|17|14|15|22|16|19|21|18|20,fast,0.676,0.676
204,58d404eb-0948-472d-877e-95c3de78f92e,0|1|2|3|4|5|6|7|8|9|10|11|12|13|18|17|15|20|19|16|22|14|21,fast,0.694,0.694
205,c6b0497d-4594-48bb-b530-4dbc112656c6,0|1|2|3|4|5|6|7|8|9|10|11|12|13|18|21|19|14|17|20|22|16|15,fast,0.688,0.688
206,eeac2d06-75f5-4a34-bd70-e6d0469f96a3,0|1|2|3|4|5|6|7|8|9|10|11|12|13|15|14|21|16|18|22|19|17|20,fast,0.681,0.681
207,6328f3cf-99e5-4b91-984d-c23ac977c247,0|1|2|3|4|5|6|7|8|9|10|11|12|13|20|21|16|14|18|19|15|17|22,fast,0.69,0.69
208,a104828c-b275-4b4a-b9d4-83ef36b8da81,0|1|2|3|4|5|6|7|8|9|10|11|12|13|18|15|21|16|17|20|14|19|22,fast,0.673,0.673
209,de17567c-1b8c-40ed-8448-ba77bb23dfcd,0|1|2|3|4|5|6|7|8|9|10|11|12|13|14|21|22|15|16|18|20|19|17,fast,0.687,0.687
210,4e92d3be-d335-4609-82ee-5b9edd1113e7,0|1|2|3|4|5|6|7|8|9|10|11|12|13|21|17|20|19|16|22|18|15|14,fast,0.675,0.675
211,ca1637b6-a2f0-4f33-bc02-77b67f46896c,0|1|2|3|4|5|6|7|8|9|10|11|12|13|14|21|18|17|22|19|15|16|20,fast,0.683,0.683
212,0dca931b-8f2d-446a-bc57-1f08ba51b9a7,0|1|2|3|4|5|6|7|8|9|10|11|12|13|15|20|18|17|16|14|19|21|22,fast,0.67,0.67
213,056f6ba5-c3fc-46eb-9b11-2b5a5294998b,0|1|2|3|4|5|6|7|8|9|10|11|12|13|21|17|15|19|18|14|22|16|20,fast,0.676,0.676
214,5563d956-9b34-4e0f-930f-24c474a08f65,0|1|2|3|4|5|6|7|8|9|10|11|12|13|15|18|19|14|20|17|16|21|22,fast,0.668,0.668
215,cccad5cf-974e-4b5f-a450-f904423a595f,0|1|2|3|4|5|6|7|8|9|10|11|12|13|17|20|14|15|18|21|22|16|19,fast,0.682,0.682
216,52b13e6a-947c-4703-94ff-597a25c0c476,0|1|2|3|4|5|6|7|8|9|10|11|12|13|20|14|18|19|17|16|21|15|22,fast,0.677,0.677
217,654ee725-1b39-475f-8b2d-a70f8f78111c,0|1|2|3|4|5|6|7|8|9|10|11|12|13|14|21|16|15|19|17|18|22|20,fast,0.677,0.677
218,fffd1c4f-6bfa-40db-98dc-86fe63054c0a,0|1|2|3|4|5|6|7|8|9|10|11|12|13|17|16|21|15|19|20|22|18|14,fast,0.672,0.672
219,12f492a7-44e5-4590-af67-171c1606a240,0|1|2|3|4|5|6|7|8|9|10|11|12|13|21|16|18|22|17|19|15|14|20,fast,0.713,0.713
220,66770aed-b812-41c0-b26d-4ab1a59186cc,0|1|2|3|4|5|6|7|8|9|10|11|12|13|20|18|21|16|19|15|14|22|17,fast,0.731,0.731
221,b02a87b4-8d41-4e4f-9f40-5918ee273cf2,0|1|2|3|4|5|6|7|8|9|10|11|12|13|19|18|21|15|22|16|14|17|20,fast,0.747,0.747
222,38035ad3-efd8-4f1b-9e9e-569ef0094053,0|1|2|3|4|5|6|7|8|9|10|11|12|13|15|17|18|21|16|20|14|22|19,fast,0.69,0.69
223,beb0fb3b-524d-4a22-b430-c5f1ab3fda65,0|1|2|3|4|5|6|7|8|9|10|11|12|13|20|17|18|14|16|21|19|22|15,fast,0.685,0.685
224,6506f8bb-de54-4e2f-96f5-f605f7975041,0|1|2|3|4|5|6|7|8|9|10|11|12|13|18|15|22|21|20|19|16|17|14,fast,0.676,0.676
225,7270ddc0-92ad-4461-9dd1-e88ba46aa778,0|1|2|3|4|5|6|7|8|9|10|11|12|13|19|18|14|15|20|22|21|16|17,fast,0.676,0.676
226,2490b866-a037-4bdb-a7aa-044793d5402e,0|1|2|3|4|5|6|7|8|9|10|11|12|13|16|19|14|15|21|22|20|18|17,fast,0.677,0.677
227,4f64bc9f-f2da-4230-89ff-07612c3ce702,0|1|2|3|4|5|6|7|8|9|10|11|12|13|15|19|16|22|21|14|18|17|20,fast,0.684,0.684
228,a9833f7f-7379-4db3-96df-d6c212dc5886,0|1|2|3|4|5|6|7|8|9|10|11|12|13|15|18|19|16|20|14|21|22|17,fast,0.672,0.672
229,2b91cbcd-e289-470e-926d-1b4d0050535f,0|1|2|3|4|5|6|7|8|9|10|11|12|13|15|19|20|22|14|17|16|21|18,fast,0.684,0.684
230,a9c3c83b-2c63-4bf3-9122-f3d2e96041e3,0|1|2|3|4|5|6|7|8|9|10|11|12|13|21|22|18|15|19|16|20|14|17,fast,0.683,0.683
231,1f994cc1-a0fd-480c-9972-988ceaeb4b44,0|1|2|3|4|5|6|7|8|9|10|11|12|13|19|17|15|21|14|18|20|16|22,fast,0.688,0.688
232,35f08299-88a5-4fa7-9f1c-4ff0585f1e4c,0|1|2|3|4|5|6|7|8|9|10|11|12|13|18|15|20|16|14|17|19|22|21,fast,0.683,0.683
233,f18549d6-9075-4a56-b589-cd691135f2cd,0|1|2|3|4|5|6|7|8|9|10|11|12|13|20|21|22|18|17|19|16|14|15,fast,0.694,0.694
234,76925f43-3cec-4cda-97bd-c0b503a8e967,0|1|2|3|4|5|6|7|8|9|10|11|12|13|18|21|19|16|20|22|15|17|14,fast,0.731,0.731
235,f29c55e7-6e76-4e99-8b68-46d2e30278d2,0|1|2|3|4|5|6|7|8|9|10|11|12|13|15|16|19|17|20|14|18|22|21,fast,0.689,0.689
236,ff5b3326-3f5b-4d02-9f84-042bda0f52b9,0|1|2|3|4|5|6|7|8|9|10|11|12|13|22|19|21|17|18|14|16|20|15,fast,0.683,0.683
237,0813a621-f2e4-489d-908d-f33c4ee98c54,0|1|2|3|4|5|6|7|8|9|10|11|12|13|20|17|19|15|22|16|14|21|18,fast,0.691,0.691
238,433f4728-825f-442e-919d-ac58e259d31c,0|1|2|3|4|5|6|7|8|9|10|11|12|13|19|17|21|20|15|14|18|16|22,fast,0.675,0.675
239,db8da91a-849e-40de-88b2-c7a98d1b7c5a,0|1|2|3|4|5|6|7|8|9|10|11|12|13|20|19|16|17|18|22|14|21|15,fast,0.718,0.718
240,21b3a7bc-27b3-4755-a7ec-f8b7ca62f2ad,0|1|2|3|4|5|6|7|8|9|10|11|12|13|15|21|14|17|18|16|19|22|20,fast,0.735,0.735
241,941d8d93-b2fd-40b2-bf6a-f668c7a7e7c8,0|1|2|3|4|5|6|7|8|9|10|11|12|13|20|16|14|19|15|18|22|21|17,fast,0.698,0.698
242,a26f6ab9-10d9-45b4-9dc6-ccb39540ba27,0|1|2|3|4|5|6|7|8|9|10|11|12|13|21|18|19|22|20|14|15|17|16,fast,0.672,0.672
243,f39ff095-3b4a-4f88-b8cd-474d9fb48c5e,0|1|2|3|4|5|6|7|8|9|10|11|12|13|15|21|22|14|20|16|18|17|19,fast,0.677,0.677
244,9590fd9f-bbed-41a6-a88a-885b2f683a5e,0|1|2|3|4|5|6|7|8|9|10|11|12|13|20|15|19|18|16|14|21|17|22,fast,0.671,0.671
245,2411826e-c0c0-4f59-94df-aa58ef75aac3,0|1|2|3|4|5|6|7|8|9|10|11|12|13|22|14|15|17|20|16|18|21|19,fast,0.677,0.677
246,9b966791-2272-4079-85cf-3f7227d0b7fa,0|1|2|3|4|5|6|7|8|9|10|11|12|13|22|17|16|14|20|19|18|15|21,fast,0.675,0.675
247,85761c40-c898-4158-ab59-e826e6add5a3,0|1|2|3|4|5|6|7|8|9|10|11|12|13|17|18|19|16|22|14|21|15|20,fast,0.669,0.669
248,2d12865d-adeb-472d-9743-c80ed1b30ec0,0|1|2|3|4|5|6|7|8|9|10|11|12|13|17|16|14|18|21|15|20|19|22,fast,0.67,0.67
249,494215d0-d72b-4174-9673-1a585cb44cf9,0|1|2|3|4|5|6|7|8|9|10|11|12|13|21|17|14|20|15|22|16|19|18,fast,0.682,0.682
